26 46 75 26 8 100 15 93 2 109 
7 80 50 61 31 83 51 57 72 28 21 12 

19 53 20 77 50 62 0 112 49 72 
25 41 62 42 48 69 15 101 1 96 58 52 13 88 20 95 72 29 
101 15 71 30 32 65 25 74 12 92 13 88 6 108 23 16 66 49 
65 35 82 15 73 48 9 24 

56 17 33 83 
28 77 73 42 
42 74 68 36 82 19 
49 60 21 76 82 32 99 8 
97 14 54 48 
70 27 60 50 
69 32 84 16 53 64 26 73 2 95 42 74 73 28 15 85 
2 107 69 36 0 110 58 42 
101 15 8 103 
60 38 87 14 
65 32 81 17 99 9 36 65 
51 65 28 83 
14 87 69 41 99 17 48 53 13 101 55 61 76 21 56 49 108 2 
39 58 
9 107 61 43 103 8 27 90 90 13 15 89 13 103 
105 14 89 16 72 44 47 57 110 1 112 5 108 8 
0 97 96 3 2 97 43 58 78 34 99 17 76 29 100 10 14 89 
4 101 90 26 13 33 
24 21 16 29 
62 3 11 103 8 97 94 21 94 22 4 107 105 11 61 47 95 6 

