   2.1490000e+02   2.4763000e+02
   2.1640000e+02   2.5025000e+02
   2.1690000e+02   2.4985000e+02
   2.1595000e+02   2.4997000e+02
   2.1590000e+02   2.4954000e+02
   2.1580000e+02   2.4987000e+02
   2.1485000e+02   2.4755000e+02
   2.1660000e+02   2.4655000e+02
   2.1660000e+02   2.4893000e+02
   2.1485000e+02   2.4887000e+02
   2.1335000e+02   2.4756000e+02
   2.1820000e+02   2.5471000e+02
   2.1580000e+02   2.5004000e+02
   2.1605000e+02   2.5055000e+02
   2.1610000e+02   2.5010000e+02
   2.1615000e+02   2.5034000e+02
   2.1580000e+02   2.5004000e+02
   2.1490000e+02   2.4955000e+02
   2.1275000e+02   2.4769000e+02
   2.1040000e+02   2.4588000e+02
   2.1370000e+02   2.4943000e+02
   2.1160000e+02   2.4826000e+02
   2.0885000e+02   2.4643000e+02
   2.0830000e+02   2.4595000e+02
   2.1475000e+02   2.4942000e+02
   2.1655000e+02   2.5252000e+02
   2.1965000e+02   2.5340000e+02
   2.1659000e+02   2.5088000e+02
   2.1659000e+02   2.5117000e+02
   2.1638000e+02   2.5095000e+02
   2.1545000e+02   2.5047000e+02
   2.1499000e+02   2.4937000e+02
   2.1279000e+02   2.4756000e+02
   2.1439000e+02   2.4751000e+02
   2.1192000e+02   2.4604000e+02
   2.1188000e+02   2.4574000e+02
   2.1691000e+02   2.4685000e+02
   2.1663000e+02   2.5022000e+02
   2.1613000e+02   2.5020000e+02
   2.1688000e+02   2.5025000e+02
   2.1605000e+02   2.5106000e+02
   2.1604000e+02   2.5091000e+02
   2.1478000e+02   2.5018000e+02
   2.1283000e+02   2.4897000e+02
   2.1084000e+02   2.4759000e+02
   2.1052000e+02   2.4690000e+02
   2.1140000e+02   2.4683000e+02
   2.1583000e+02   2.4943000e+02
   2.1575000e+02   2.4946000e+02
   2.1598000e+02   2.4997000e+02
   2.2450000e+02   2.5643000e+02
   2.2029000e+02   2.5385000e+02
   2.1722000e+02   2.5257000e+02
   2.1617000e+02   2.5093000e+02
   2.1629000e+02   2.5105000e+02
   2.1636000e+02   2.5127000e+02
   2.1621000e+02   2.5113000e+02
   2.1618000e+02   2.5033000e+02
   2.1627000e+02   2.5015000e+02
   2.1616000e+02   2.5013000e+02
   2.1608000e+02   2.5027000e+02
   2.1785000e+02   2.5037000e+02
   2.1602000e+02   2.5063000e+02
   2.1927000e+02   2.5280000e+02
   2.1617000e+02   2.5120000e+02
   2.1837000e+02   2.5201000e+02
   2.1586000e+02   2.5070000e+02
   2.1423000e+02   2.4983000e+02
   2.1321000e+02   2.4956000e+02
   2.1052000e+02   2.4794000e+02
   2.1604000e+02   2.4961000e+02
   2.1614000e+02   2.4925000e+02
   2.1659000e+02   2.5034000e+02
   2.1610000e+02   2.5012000e+02
   2.1615000e+02   2.5012000e+02
   2.2178000e+02   2.5266000e+02
   2.1611000e+02   2.5103000e+02
   2.1595000e+02   2.5086000e+02
   2.1608000e+02   2.5001000e+02
   2.1614000e+02   2.4912000e+02
   2.1543000e+02   2.4799000e+02
   2.1524000e+02   2.4759000e+02
   2.1448000e+02   2.4618000e+02
   2.1318000e+02   2.4545000e+02
   2.1374000e+02   2.4556000e+02
   2.1609000e+02   2.5008000e+02
   2.1841000e+02   2.5106000e+02
   2.1620000e+02   2.5043000e+02
   2.1610000e+02   2.5098000e+02
   2.1606000e+02   2.5072000e+02
   2.1628000e+02   2.5125000e+02
   2.1612000e+02   2.5029000e+02
   2.1579000e+02   2.4972000e+02
   2.1410000e+02   2.4878000e+02
   2.1383000e+02   2.4825000e+02
   2.1723000e+02   2.5040000e+02
   2.1673000e+02   2.5029000e+02
   2.1636000e+02   2.5026000e+02
   2.1634000e+02   2.5034000e+02
   2.1700000e+02   2.5113000e+02
   2.1617000e+02   2.5111000e+02
   2.1621000e+02   2.5108000e+02
   2.1540000e+02   2.4992000e+02
   2.1545000e+02   2.4849000e+02
   2.1401000e+02   2.4681000e+02
   2.1293000e+02   2.4515000e+02
   2.1126000e+02   2.4369000e+02
   2.1303000e+02   2.4385000e+02
   2.1609000e+02   2.4628000e+02
   2.1736000e+02   2.5050000e+02
   2.1798000e+02   2.5022000e+02
   2.2271000e+02   2.5373000e+02
   2.1594000e+02   2.5087000e+02
   2.1552000e+02   2.5046000e+02
   2.1526000e+02   2.4966000e+02
   2.1708000e+02   2.4965000e+02
   2.1618000e+02   2.4943000e+02
   2.1538000e+02   2.4816000e+02
   2.1548000e+02   2.4802000e+02
   2.1519000e+02   2.4772000e+02
   2.1552000e+02   2.4729000e+02
   2.1617000e+02   2.5023000e+02
   2.1660000e+02   2.5095000e+02
   2.1599000e+02   2.5050000e+02
   2.1612000e+02   2.5013000e+02
   2.1657000e+02   2.5009000e+02
   2.2339000e+02   2.5598000e+02
   2.1639000e+02   2.5098000e+02
   2.1811000e+02   2.5051000e+02
   2.1521000e+02   2.4940000e+02
   2.1760000e+02   2.5166000e+02
   2.1671000e+02   2.5023000e+02
   2.1619000e+02   2.5036000e+02
   2.1886000e+02   2.5071000e+02
   2.1612000e+02   2.5019000e+02
   2.1672000e+02   2.5063000e+02
   2.1701000e+02   2.5178000e+02
   2.1653000e+02   2.5176000e+02
   2.1581000e+02   2.5088000e+02
   2.1693000e+02   2.5062000e+02
   2.1600000e+02   2.5105000e+02
   2.1653000e+02   2.5173000e+02
   2.1608000e+02   2.5011000e+02
   2.1629000e+02   2.5014000e+02
   2.1634000e+02   2.5060000e+02
   2.1610000e+02   2.5073000e+02
   2.1639000e+02   2.5015000e+02
   2.1629000e+02   2.5037000e+02
   2.2526000e+02   2.5525000e+02
   2.1654000e+02   2.5068000e+02
   2.1632000e+02   2.5093000e+02
   2.1736000e+02   2.5102000e+02
   2.1513000e+02   2.4976000e+02
   2.1461000e+02   2.4899000e+02
   2.1405000e+02   2.4821000e+02
   2.1618000e+02   2.4899000e+02
   2.1789000e+02   2.4985000e+02
   2.2453000e+02   2.5802000e+02
   2.1821000e+02   2.5694000e+02
   2.1961000e+02   2.5783000e+02
   2.1616000e+02   2.5081000e+02
   2.1637000e+02   2.5147000e+02
   2.1614000e+02   2.5085000e+02
   2.1490000e+02   2.4997000e+02
   2.1375000e+02   2.4909000e+02
   2.1321000e+02   2.4840000e+02
   2.1165000e+02   2.4706000e+02
   2.1058000e+02   2.4627000e+02
   2.1292000e+02   2.4738000e+02
   2.1995000e+02   2.5151000e+02
   2.1623000e+02   2.5029000e+02
   2.1665000e+02   2.5103000e+02
   2.1757000e+02   2.5184000e+02
   2.1602000e+02   2.5068000e+02
   2.1476000e+02   2.4995000e+02
   2.1404000e+02   2.4851000e+02
   2.1346000e+02   2.4790000e+02
   2.2332000e+02   2.6425000e+02
   2.1650000e+02   2.5500000e+02
   2.1740000e+02   2.5195000e+02
   2.1668000e+02   2.5198000e+02
   2.1934000e+02   2.5397000e+02
   2.2101000e+02   2.5186000e+02
   2.1690000e+02   2.5169000e+02
   2.1745000e+02   2.5327000e+02
   2.1656000e+02   2.5198000e+02
   2.1727000e+02   2.5220000e+02
   2.1665000e+02   2.5309000e+02
   2.1673000e+02   2.5119000e+02
   2.1784000e+02   2.5152000e+02
   2.1453000e+02   2.5048000e+02
   2.1354000e+02   2.4998000e+02
   2.1361000e+02   2.4990000e+02
   2.1490000e+02   2.4986000e+02
   2.1629000e+02   2.5133000e+02
   2.2191000e+02   2.5734000e+02
   2.1641000e+02   2.5157000e+02
   2.1671000e+02   2.5103000e+02
   2.1635000e+02   2.5143000e+02
   2.1634000e+02   2.5196000e+02
   2.1676000e+02   2.5128000e+02
   2.1563000e+02   2.5047000e+02
   2.1377000e+02   2.4903000e+02
   2.1178000e+02   2.4789000e+02
   2.1089000e+02   2.4750000e+02
   2.1671000e+02   2.5025000e+02
   2.1656000e+02   2.5067000e+02
   2.1674000e+02   2.5171000e+02
   2.1609000e+02   2.5141000e+02
   2.1406000e+02   2.5016000e+02
   2.1159000e+02   2.4822000e+02
   2.1087000e+02   2.4671000e+02
   2.1043000e+02   2.4540000e+02
   2.1398000e+02   2.4468000e+02
   2.1844000e+02   2.5359000e+02
   2.1617000e+02   2.5190000e+02
   2.1709000e+02   2.5198000e+02
   2.1692000e+02   2.5268000e+02
   2.2091000e+02   2.5527000e+02
   2.2043000e+02   2.5818000e+02
   2.1633000e+02   2.5398000e+02
   2.1780000e+02   2.5430000e+02
   2.1647000e+02   2.5153000e+02
   2.1634000e+02   2.5187000e+02
   2.1630000e+02   2.5155000e+02
   2.1637000e+02   2.5178000e+02
   2.1644000e+02   2.5124000e+02
   2.1622000e+02   2.5142000e+02
   2.1630000e+02   2.5172000e+02
   2.1635000e+02   2.5162000e+02
   2.1654000e+02   2.5176000e+02
   2.1616000e+02   2.5197000e+02
   2.1663000e+02   2.5161000e+02
   2.1638000e+02   2.5177000e+02
   2.1671000e+02   2.5107000e+02
   2.1695000e+02   2.5097000e+02
   2.1790000e+02   2.5318000e+02
   2.1801000e+02   2.5162000e+02
   2.1625000e+02   2.5156000e+02
   2.1837000e+02   2.5243000e+02
   2.1634000e+02   2.5183000e+02
   2.1672000e+02   2.5189000e+02
   2.1749000e+02   2.5225000e+02
   2.1870000e+02   2.5255000e+02
   2.1612000e+02   2.5138000e+02
   2.1610000e+02   2.5107000e+02
   2.1546000e+02   2.5063000e+02
   2.1631000e+02   2.4955000e+02
   2.1545000e+02   2.4820000e+02
   2.1297000e+02   2.4586000e+02
   2.1265000e+02   2.4420000e+02
   2.1378000e+02   2.4386000e+02
   2.1668000e+02   2.4826000e+02
   2.1654000e+02   2.4972000e+02
   2.1719000e+02   2.5078000e+02
   2.1686000e+02   2.5065000e+02
   2.1749000e+02   2.5158000e+02
   2.1644000e+02   2.5125000e+02
   2.1821000e+02   2.5323000e+02
   2.1660000e+02   2.5144000e+02
   2.1574000e+02   2.5033000e+02
   2.1657000e+02   2.5089000e+02
   2.1672000e+02   2.5089000e+02
   2.2022000e+02   2.5725000e+02
   2.1903000e+02   2.5353000e+02
   2.1627000e+02   2.5162000e+02
   2.1685000e+02   2.5179000e+02
   2.1638000e+02   2.5181000e+02
   2.1653000e+02   2.5186000e+02
   2.1616000e+02   2.5116000e+02
   2.1575000e+02   2.5024000e+02
   2.1477000e+02   2.4878000e+02
   2.1272000e+02   2.4661000e+02
   2.1114000e+02   2.4450000e+02
   2.1253000e+02   2.4353000e+02
             NaN   2.4221000e+02
