   2.1290000e+02   1.5800000e+00   3.2300000e+00   2.6800000e+00
   2.1284000e+02   1.6400000e+00   3.2300000e+00   2.6500000e+00
   2.1277000e+02   1.7400000e+00   3.2600000e+00   2.6500000e+00
   2.1270000e+02   1.6600000e+00   3.3300000e+00   2.8500000e+00
   2.1260000e+02   1.5800000e+00   3.3500000e+00   2.7900000e+00
   2.1250000e+02   1.5900000e+00   3.3000000e+00   2.7000000e+00
   2.1243000e+02   1.5200000e+00   3.2200000e+00   2.6700000e+00
   2.1236000e+02   1.5300000e+00   3.2200000e+00   2.6100000e+00
   2.1229000e+02   1.5500000e+00   3.2100000e+00   2.6300000e+00
   2.1222000e+02   1.5500000e+00   3.1900000e+00   2.6300000e+00
   2.1216000e+02   1.5400000e+00   3.1800000e+00   2.6500000e+00
   2.1210000e+02   1.5400000e+00   3.1600000e+00   2.6100000e+00
   2.1202000e+02   1.5200000e+00   3.1800000e+00   2.6000000e+00
   2.1193000e+02   1.5300000e+00   3.1800000e+00   2.5800000e+00
   2.1189000e+02   1.5400000e+00   3.1800000e+00   2.5700000e+00
   2.1182000e+02   1.5500000e+00   3.1800000e+00   2.5800000e+00
   2.1179000e+02   1.5800000e+00   3.1900000e+00   2.6000000e+00
   2.1189000e+02   2.0100000e+00   3.1500000e+00   2.7400000e+00
   2.1187000e+02   2.0000000e+00   3.1300000e+00   2.9900000e+00
   2.1183000e+02   1.6800000e+00   3.1600000e+00   3.1200000e+00
   2.1178000e+02   1.6200000e+00   3.1600000e+00   2.8200000e+00
   2.1172000e+02   1.5900000e+00   3.1600000e+00   2.6600000e+00
   2.1167000e+02   1.5700000e+00   3.1400000e+00   2.7000000e+00
   2.1162000e+02   1.5500000e+00   3.1200000e+00   2.7000000e+00
   2.1157000e+02   1.5500000e+00   3.1300000e+00   2.6800000e+00
   2.1154000e+02   1.5600000e+00   3.1200000e+00   2.6600000e+00
   2.1150000e+02   1.5400000e+00   3.1200000e+00   2.6400000e+00
   2.1145000e+02   1.5500000e+00   3.1300000e+00   2.6300000e+00
   2.1139000e+02   1.5400000e+00   3.1300000e+00   2.6100000e+00
   2.1134000e+02   1.5300000e+00   3.1200000e+00   2.6200000e+00
   2.1131000e+02   1.5300000e+00   3.1000000e+00   2.6300000e+00
   2.1124000e+02   1.4900000e+00   3.1100000e+00   2.6300000e+00
   2.1118000e+02   1.4800000e+00   3.1100000e+00   2.5900000e+00
   2.1112000e+02   1.4900000e+00   3.1000000e+00   2.5700000e+00
   2.1108000e+02   1.4900000e+00   3.0700000e+00   2.5700000e+00
   2.1103000e+02   1.5200000e+00   3.0700000e+00   2.5900000e+00
   2.1099000e+02   1.5300000e+00   3.0700000e+00   2.6000000e+00
   2.1097000e+02   1.5300000e+00   3.0800000e+00   2.6300000e+00
   2.1094000e+02   1.5200000e+00   3.0800000e+00   2.6300000e+00
   2.1090000e+02   1.5300000e+00   3.0700000e+00   2.6100000e+00
   2.1086000e+02   1.5300000e+00   3.0600000e+00   2.6000000e+00
   2.1083000e+02   1.5100000e+00   3.0600000e+00   2.6100000e+00
   2.1079000e+02   1.5000000e+00   3.0600000e+00   2.5900000e+00
   2.1075000e+02   1.5100000e+00   3.0600000e+00   2.5800000e+00
   2.1067000e+02   1.5400000e+00   3.0600000e+00   2.5700000e+00
   2.1062000e+02   1.5200000e+00   3.0600000e+00   2.5600000e+00
   2.1057000e+02   1.4800000e+00   3.0700000e+00   2.5800000e+00
   2.1052000e+02   1.4600000e+00   3.0700000e+00   2.5700000e+00
   2.1048000e+02   1.4900000e+00   3.0700000e+00   2.5500000e+00
   2.1043000e+02   1.5200000e+00   3.0700000e+00   2.5500000e+00
   2.1040000e+02   1.5200000e+00   3.0800000e+00   2.5800000e+00
   2.1035000e+02   1.5200000e+00   3.0800000e+00   2.6100000e+00
   2.1033000e+02   2.0600000e+00   3.0600000e+00   2.6200000e+00
   2.1029000e+02   1.7100000e+00   3.0700000e+00   2.9500000e+00
   2.1027000e+02   1.6000000e+00   3.0800000e+00   2.9500000e+00
   2.1023000e+02   1.6100000e+00   3.0700000e+00   2.6900000e+00
   2.1025000e+02   1.8200000e+00   3.1100000e+00   2.6800000e+00
   2.1037000e+02   3.2000000e+00   3.0700000e+00   3.7600000e+00
   2.1058000e+02   5.5100000e+00   3.2000000e+00   4.3300000e+00
   2.1126000e+02   1.0580000e+01   4.5300000e+00   7.2800000e+00
   2.1212000e+02   4.3600000e+00   4.4000000e+00   5.7200000e+00
   2.1242000e+02   2.8900000e+00   3.5300000e+00   4.1900000e+00
   2.1249000e+02   2.6000000e+00   3.2800000e+00   3.7400000e+00
   2.1252000e+02   2.2300000e+00   3.2000000e+00   3.5800000e+00
   2.1254000e+02   1.9700000e+00   3.1400000e+00   3.2800000e+00
   2.1258000e+02   1.8400000e+00   3.0800000e+00   3.0900000e+00
   2.1251000e+02   1.8200000e+00   3.1000000e+00   3.0000000e+00
   2.1246000e+02   1.7900000e+00   3.1100000e+00   2.8700000e+00
   2.1242000e+02   1.7500000e+00   3.1000000e+00   2.9200000e+00
   2.1240000e+02   1.7400000e+00   3.0900000e+00   2.8700000e+00
   2.1238000e+02   1.7100000e+00   3.0800000e+00   2.8600000e+00
   2.1234000e+02   1.7200000e+00   3.0800000e+00   2.8000000e+00
   2.1230000e+02   1.6800000e+00   3.0900000e+00   2.8100000e+00
   2.1229000e+02   1.6800000e+00   3.0800000e+00   2.8000000e+00
   2.1224000e+02   1.6700000e+00   3.0800000e+00   2.7900000e+00
   2.1220000e+02   1.6700000e+00   3.0800000e+00   2.7500000e+00
   2.1218000e+02   1.7100000e+00   3.0800000e+00   2.7700000e+00
   2.1216000e+02   1.7400000e+00   3.0900000e+00   2.7900000e+00
   2.1215000e+02   1.7700000e+00   3.0900000e+00   2.8600000e+00
   2.1213000e+02   2.2600000e+00   3.0800000e+00   2.8900000e+00
   2.1210000e+02   1.8900000e+00   3.1100000e+00   3.2100000e+00
   2.1210000e+02   1.7600000e+00   3.1000000e+00   3.0500000e+00
   2.1210000e+02   1.7500000e+00   3.1000000e+00   2.9100000e+00
   2.1207000e+02   1.7500000e+00   3.1100000e+00   2.8400000e+00
   2.1204000e+02   1.7400000e+00   3.1100000e+00   2.8500000e+00
   2.1202000e+02   1.7500000e+00   3.1100000e+00   2.8500000e+00
   2.1203000e+02   1.8000000e+00   3.0700000e+00   2.8800000e+00
   2.1198000e+02   1.7400000e+00   3.1200000e+00   2.8600000e+00
   2.1195000e+02   1.7300000e+00   3.1300000e+00   2.8600000e+00
   2.1193000e+02   1.7400000e+00   3.1200000e+00   2.8400000e+00
   2.1192000e+02   1.7600000e+00   3.1100000e+00   2.8700000e+00
   2.1190000e+02   1.7900000e+00   3.1100000e+00   2.8800000e+00
   2.1186000e+02   1.7900000e+00   3.1300000e+00   2.8700000e+00
   2.1185000e+02   1.8100000e+00   3.1100000e+00   2.8600000e+00
   2.1182000e+02   1.7500000e+00   3.1100000e+00   2.9300000e+00
   2.1179000e+02   1.7300000e+00   3.1200000e+00   2.8700000e+00
   2.1178000e+02   1.7200000e+00   3.1000000e+00   2.8500000e+00
   2.1174000e+02   1.7300000e+00   3.1000000e+00   2.8600000e+00
   2.1173000e+02   1.7400000e+00   3.0900000e+00   2.7900000e+00
   2.1172000e+02   1.7400000e+00   3.0900000e+00   2.8100000e+00
   2.1166000e+02   1.7400000e+00   3.1100000e+00   2.8400000e+00
   2.1163000e+02   1.7300000e+00   3.1100000e+00   2.8400000e+00
   2.1162000e+02   1.7000000e+00   3.1100000e+00   2.8400000e+00
   2.1160000e+02   1.7400000e+00   3.1200000e+00   2.8300000e+00
   2.1159000e+02   1.7700000e+00   3.1200000e+00   2.8100000e+00
   2.1157000e+02   1.7700000e+00   3.1400000e+00   2.8500000e+00
   2.1156000e+02   1.7600000e+00   3.1400000e+00   2.8900000e+00
   2.1155000e+02   1.7600000e+00   3.1300000e+00   2.8600000e+00
   2.1157000e+02   1.7800000e+00   3.1200000e+00   2.8700000e+00
   2.1160000e+02   2.6900000e+00   3.1300000e+00   3.1200000e+00
   2.1163000e+02   2.6600000e+00   3.1500000e+00   4.0200000e+00
   2.1170000e+02   2.0400000e+00   3.1400000e+00   3.4700000e+00
   2.1171000e+02   1.9200000e+00   3.1900000e+00   3.2200000e+00
   2.1172000e+02   1.8700000e+00   3.1600000e+00   3.0900000e+00
   2.1175000e+02   1.8500000e+00   3.1500000e+00   3.0300000e+00
   2.1173000e+02   1.9000000e+00   3.1200000e+00   3.0400000e+00
   2.1169000e+02   1.8700000e+00   3.1500000e+00   3.0300000e+00
   2.1170000e+02   2.1100000e+00   3.1500000e+00   3.0400000e+00
   2.1170000e+02   2.0100000e+00   3.1400000e+00   3.1500000e+00
   2.1178000e+02   2.0500000e+00   3.1400000e+00   3.2400000e+00
   2.1180000e+02   2.4500000e+00   3.1600000e+00   3.3300000e+00
   2.1186000e+02   2.1100000e+00   3.1600000e+00   3.5700000e+00
   2.1193000e+02   2.7200000e+00   3.2400000e+00   3.2900000e+00
   2.1216000e+02   3.7400000e+00   3.3500000e+00   4.1000000e+00
   2.1283000e+02   7.6200000e+00   4.9900000e+00   6.4000000e+00
   2.1353000e+02   3.9200000e+00   4.5400000e+00   5.3400000e+00
   2.1382000e+02   3.0600000e+00   3.6300000e+00   4.3300000e+00
   2.1394000e+02   2.7400000e+00   3.3600000e+00   3.9600000e+00
   2.1399000e+02   2.4500000e+00   3.2900000e+00   3.7300000e+00
   2.1404000e+02   2.2500000e+00   3.2500000e+00   3.5200000e+00
   2.1408000e+02   2.1700000e+00   3.2000000e+00   3.4200000e+00
   2.1410000e+02   2.1200000e+00   3.2100000e+00   3.3100000e+00
   2.1412000e+02   2.1000000e+00   3.1900000e+00   3.3000000e+00
   2.1413000e+02   2.0500000e+00   3.1700000e+00   3.2700000e+00
   2.1417000e+02   2.0100000e+00   3.1700000e+00   3.2400000e+00
   2.1415000e+02   2.0700000e+00   3.1800000e+00   3.1800000e+00
   2.1420000e+02   2.1600000e+00   3.1500000e+00   3.2700000e+00
   2.1420000e+02   2.0300000e+00   3.1500000e+00   3.3000000e+00
   2.1419000e+02   1.9600000e+00   3.1500000e+00   3.1600000e+00
   2.1418000e+02   1.9300000e+00   3.1300000e+00   3.1400000e+00
   2.1418000e+02   1.9000000e+00   3.1600000e+00   3.0800000e+00
   2.1422000e+02   2.0800000e+00   3.1500000e+00   3.1000000e+00
   2.1423000e+02   3.1000000e+00   3.1900000e+00   3.6700000e+00
   2.1433000e+02   2.5800000e+00   3.2300000e+00   4.0600000e+00
   2.1442000e+02   2.3800000e+00   3.3400000e+00   3.7100000e+00
   2.1446000e+02   2.2600000e+00   3.3400000e+00   3.5500000e+00
   2.1448000e+02   2.1500000e+00   3.3000000e+00   3.4700000e+00
   2.1451000e+02   2.1300000e+00   3.2600000e+00   3.3400000e+00
   2.1455000e+02   2.0800000e+00   3.2200000e+00   3.3800000e+00
   2.1455000e+02   1.9900000e+00   3.2000000e+00   3.3200000e+00
   2.1454000e+02   1.9100000e+00   3.2100000e+00   3.2100000e+00
   2.1456000e+02   1.8900000e+00   3.1900000e+00   3.1700000e+00
   2.1455000e+02   1.8700000e+00   3.1900000e+00   3.1400000e+00
   2.1453000e+02   1.9400000e+00   3.1900000e+00   3.1100000e+00
   2.1455000e+02   1.9900000e+00   3.1600000e+00   3.1700000e+00
   2.1458000e+02   1.9700000e+00   3.1700000e+00   3.2300000e+00
   2.1461000e+02   3.2200000e+00   3.2200000e+00   3.3100000e+00
   2.1480000e+02   5.2400000e+00   3.4100000e+00   5.4800000e+00
   2.1510000e+02   3.1800000e+00   3.7000000e+00   4.8100000e+00
   2.1526000e+02   3.0400000e+00   3.4800000e+00   4.3000000e+00
   2.1536000e+02   3.1900000e+00   3.3400000e+00   4.1900000e+00
   2.1543000e+02   2.9500000e+00   3.3100000e+00   4.2100000e+00
   2.1555000e+02   2.8200000e+00   3.2300000e+00   4.0100000e+00
   2.1563000e+02   2.6200000e+00   3.2100000e+00   3.8900000e+00
   2.1566000e+02   2.4100000e+00   3.2200000e+00   3.7200000e+00
   2.1567000e+02   2.2600000e+00   3.1900000e+00   3.5700000e+00
   2.1571000e+02   2.1600000e+00   3.1900000e+00   3.4600000e+00
   2.1573000e+02   2.0900000e+00   3.1800000e+00   3.3700000e+00
   2.1592000e+02   2.3000000e+00   3.4900000e+00   3.8600000e+00
   2.1614000e+02   3.0600000e+00   3.7100000e+00   4.1600000e+00
   2.1631000e+02   3.1300000e+00   3.5700000e+00   4.3000000e+00
   2.1647000e+02   2.8500000e+00   3.4400000e+00   4.1800000e+00
   2.1657000e+02   2.5500000e+00   3.3500000e+00   3.9800000e+00
   2.1666000e+02   2.4400000e+00   3.3400000e+00   3.8400000e+00
   2.1675000e+02   2.3800000e+00   3.4500000e+00   3.8000000e+00
   2.1680000e+02   2.2400000e+00   3.5200000e+00   3.6600000e+00
   2.1687000e+02   2.1500000e+00   3.3500000e+00   3.5500000e+00
   2.1690000e+02   2.1000000e+00   3.2800000e+00   3.4600000e+00
   2.1693000e+02   2.1100000e+00   3.2800000e+00   3.5000000e+00
   2.1698000e+02   2.1300000e+00   3.2900000e+00   3.4400000e+00
   2.1699000e+02   2.1000000e+00   3.2900000e+00   3.4500000e+00
   2.1702000e+02   2.3000000e+00   3.2800000e+00   3.4700000e+00
   2.1715000e+02   2.9000000e+00   3.5100000e+00   4.0200000e+00
   2.1726000e+02   2.3900000e+00   3.7400000e+00   4.1000000e+00
   2.1731000e+02   2.2000000e+00   3.5200000e+00   3.7700000e+00
   2.1736000e+02   2.1100000e+00   3.3800000e+00   3.5800000e+00
   2.1740000e+02   2.0600000e+00   3.3300000e+00   3.4800000e+00
   2.1740000e+02   2.0200000e+00   3.2600000e+00   3.4100000e+00
   2.1742000e+02   2.1500000e+00   3.4200000e+00   3.4500000e+00
   2.1807000e+02   7.7000000e+00   5.5900000e+00   7.8200000e+00
   2.1891000e+02   4.4400000e+00   5.7200000e+00   6.1300000e+00
   2.1933000e+02   3.9100000e+00   4.6300000e+00   5.5400000e+00
   2.2009000e+02   5.6700000e+00   7.2000000e+00   6.7200000e+00
   2.2065000e+02   4.5800000e+00   5.8500000e+00   5.6800000e+00
   2.2081000e+02   3.5000000e+00   4.9800000e+00   4.9100000e+00
   2.2050000e+02   3.1700000e+00   6.0000000e+00   4.5400000e+00
   2.2050000e+02   2.8400000e+00   7.1600000e+00   4.2600000e+00
   2.2008000e+02   2.5900000e+00   6.1600000e+00   4.0800000e+00
   2.1976000e+02   2.4500000e+00   6.1200000e+00   3.9000000e+00
   2.1947000e+02   2.4600000e+00   6.0900000e+00   3.8400000e+00
   2.1933000e+02   3.8800000e+00   6.5000000e+00   4.6900000e+00
   2.1919000e+02   3.0500000e+00   6.6800000e+00   4.9300000e+00
   2.1897000e+02   2.6900000e+00   5.5600000e+00   4.2700000e+00
   2.1885000e+02   2.5400000e+00   4.6900000e+00   4.0900000e+00
   2.1880000e+02   2.9500000e+00   4.6100000e+00   4.1300000e+00
   2.1868000e+02   2.9400000e+00   4.6700000e+00   4.3900000e+00
   2.1856000e+02   2.5400000e+00   4.6800000e+00   4.0600000e+00
   2.1844000e+02   2.4200000e+00   4.5800000e+00   3.9000000e+00
   2.1830000e+02   2.3200000e+00   4.5200000e+00   3.7700000e+00
   2.1810000e+02   2.2900000e+00   4.5200000e+00   3.6600000e+00
   2.1790000e+02   2.2300000e+00   4.4900000e+00   3.6200000e+00
   2.1773000e+02   2.1900000e+00   4.4700000e+00   3.5700000e+00
   2.1755000e+02   2.1600000e+00   4.4800000e+00   3.5200000e+00
   2.1742000e+02   2.1700000e+00   4.4600000e+00   3.4700000e+00
   2.1723000e+02   2.3900000e+00   4.4500000e+00   3.5700000e+00
   2.1712000e+02   2.8100000e+00   4.4800000e+00   3.8000000e+00
   2.1727000e+02   5.4800000e+00   4.7400000e+00   5.8900000e+00
   2.1766000e+02   5.9300000e+00   4.8200000e+00   6.1200000e+00
   2.1782000e+02   3.7400000e+00   5.2300000e+00   5.3200000e+00
   2.1778000e+02   5.8800000e+00   5.8300000e+00   5.5300000e+00
   2.1827000e+02   1.2450000e+01   6.7000000e+00   8.7200000e+00
   2.1943000e+02   1.2110000e+01   7.4200000e+00   8.7200000e+00
   2.2029000e+02   9.6700000e+00   6.7200000e+00   7.9900000e+00
   2.2064000e+02   7.0300000e+00   6.2400000e+00   6.6200000e+00
   2.2068000e+02   5.1200000e+00   6.0200000e+00   5.6900000e+00
   2.2059000e+02   4.0900000e+00   5.7400000e+00   5.1600000e+00
   2.2043000e+02   3.3600000e+00   5.8400000e+00   4.7700000e+00
   2.2020000e+02   3.0900000e+00   5.7900000e+00   4.4700000e+00
   2.2001000e+02   2.8500000e+00   5.7500000e+00   4.3400000e+00
   2.1975000e+02   2.6500000e+00   5.7200000e+00   4.1700000e+00
   2.1949000e+02   2.5400000e+00   5.7000000e+00   4.0000000e+00
   2.1917000e+02   2.4400000e+00   5.6900000e+00   3.9000000e+00
   2.1886000e+02   2.3200000e+00   5.7100000e+00   3.7900000e+00
   2.1853000e+02   2.2600000e+00   5.6900000e+00   3.7100000e+00
   2.1819000e+02   2.2100000e+00   5.6900000e+00   3.6400000e+00
   2.1790000e+02   2.4900000e+00   5.6800000e+00   3.7200000e+00
   2.1763000e+02   3.7400000e+00   5.6900000e+00   4.4600000e+00
   2.1747000e+02   3.4800000e+00   5.2200000e+00   4.7400000e+00
   2.1735000e+02   2.9400000e+00   4.9500000e+00   4.3500000e+00
   2.1721000e+02   2.7400000e+00   4.6400000e+00   4.1400000e+00
   2.1711000e+02   2.5600000e+00   4.2400000e+00   3.9800000e+00
   2.1708000e+02   2.4800000e+00   3.5600000e+00   3.8500000e+00
   2.1710000e+02   2.7000000e+00   3.5200000e+00   3.8300000e+00
   2.1726000e+02   6.3200000e+00   3.7100000e+00   5.5900000e+00
   2.1833000e+02   1.0420000e+01   5.6000000e+00   8.5700000e+00
   2.1913000e+02   4.6700000e+00   5.0800000e+00   6.0400000e+00
   2.1937000e+02   3.4700000e+00   4.0200000e+00   5.0300000e+00
   2.1949000e+02   3.7500000e+00   3.7300000e+00   4.5900000e+00
   2.1957000e+02   2.6700000e+00   3.6400000e+00   4.5200000e+00
   2.1964000e+02   2.4300000e+00   3.5400000e+00   4.0100000e+00
   2.1967000e+02   2.3600000e+00   3.4900000e+00   3.8400000e+00
   2.1965000e+02   2.2900000e+00   3.4700000e+00   3.7700000e+00
   2.1964000e+02   2.2100000e+00   3.4500000e+00   3.6400000e+00
   2.1962000e+02   2.1300000e+00   3.4700000e+00   3.5700000e+00
   2.1963000e+02   3.2400000e+00   3.4400000e+00   3.5500000e+00
   2.1970000e+02   4.3700000e+00   3.4200000e+00   4.5500000e+00
   2.1980000e+02   3.2200000e+00   3.4600000e+00   4.4400000e+00
   2.1995000e+02   3.2000000e+00   3.7400000e+00   4.6200000e+00
   2.1993000e+02   2.8800000e+00   5.6000000e+00   4.4100000e+00
   2.1951000e+02   2.4800000e+00   7.0900000e+00   3.8200000e+00
   2.1904000e+02   2.3600000e+00   7.0000000e+00   3.7000000e+00
   2.1859000e+02   2.3200000e+00   6.9800000e+00   3.8100000e+00
   2.1821000e+02   2.3900000e+00   6.5100000e+00   3.9600000e+00
   2.1784000e+02   2.2000000e+00   6.1800000e+00   3.7800000e+00
   2.1752000e+02   2.4500000e+00   6.2000000e+00   3.8900000e+00
   2.1719000e+02   2.3900000e+00   5.3400000e+00   3.9700000e+00
   2.1718000e+02   2.4600000e+00   3.7800000e+00   4.1000000e+00
   2.1716000e+02   2.2900000e+00   3.8000000e+00   3.9000000e+00
   2.1713000e+02   2.1000000e+00   3.7700000e+00   3.6400000e+00
   2.1706000e+02   2.0200000e+00   3.7500000e+00   3.4200000e+00
   2.1696000e+02   1.9500000e+00   3.7300000e+00   3.3300000e+00
   2.1686000e+02   1.9000000e+00   3.5600000e+00   3.2700000e+00
   2.1681000e+02   1.8700000e+00   3.3700000e+00   3.2000000e+00
   2.1684000e+02   1.9400000e+00   3.4100000e+00   3.2200000e+00
   2.1681000e+02   2.0700000e+00   3.3400000e+00   3.4900000e+00
   2.1679000e+02   2.0400000e+00   3.3800000e+00   3.4300000e+00
   2.1676000e+02   1.9400000e+00   3.4600000e+00   3.3500000e+00
   2.1675000e+02   3.0300000e+00   3.3700000e+00   3.2200000e+00
   2.1676000e+02   2.6000000e+00   3.3200000e+00   3.9600000e+00
   2.1675000e+02   2.2800000e+00   3.3700000e+00   3.6600000e+00
   2.1673000e+02   2.1100000e+00   3.3500000e+00   3.4200000e+00
   2.1671000e+02   2.0200000e+00   3.3400000e+00   3.2900000e+00
   2.1667000e+02   1.9300000e+00   3.4000000e+00   3.2200000e+00
   2.1660000e+02   1.8600000e+00   3.4400000e+00   3.1100000e+00
   2.1654000e+02   1.7800000e+00   3.4400000e+00   3.0500000e+00
   2.1647000e+02   1.7600000e+00   3.4100000e+00   2.9600000e+00
   2.1639000e+02   1.7500000e+00   3.3800000e+00   2.9300000e+00
   2.1634000e+02   1.7100000e+00   3.3800000e+00   2.9100000e+00
   2.1625000e+02   1.6800000e+00   3.3800000e+00   2.9000000e+00
   2.1617000e+02   1.6600000e+00   3.3800000e+00   2.8700000e+00
   2.1608000e+02   1.6900000e+00   3.4000000e+00   2.8500000e+00
   2.1603000e+02   1.6500000e+00   3.3800000e+00   2.8800000e+00
   2.1598000e+02   1.6300000e+00   3.3200000e+00   2.8300000e+00
   2.1593000e+02   1.6500000e+00   3.3200000e+00   2.7600000e+00
   2.1585000e+02   1.6400000e+00   3.3300000e+00   2.7900000e+00
   2.1575000e+02   1.7200000e+00   3.3800000e+00   2.7700000e+00
   2.1567000e+02   1.6400000e+00   3.4000000e+00   2.8100000e+00
   2.1560000e+02   1.6100000e+00   3.3900000e+00   2.8100000e+00
   2.1554000e+02   2.0500000e+00   3.4000000e+00   2.7700000e+00
   2.1555000e+02   4.0900000e+00   3.3900000e+00   3.9600000e+00
   2.1565000e+02   2.4300000e+00   3.3800000e+00   4.5200000e+00
   2.1565000e+02   2.0000000e+00   3.3800000e+00   3.5400000e+00
   2.1559000e+02   1.8000000e+00   3.3900000e+00   3.1900000e+00
   2.1552000e+02   1.7000000e+00   3.4000000e+00   2.9200000e+00
   2.1543000e+02   1.7200000e+00   3.4000000e+00   2.8700000e+00
   2.1534000e+02   1.6400000e+00   3.4000000e+00   2.8600000e+00
   2.1539000e+02   4.0400000e+00   3.3900000e+00   3.7500000e+00
   2.1551000e+02   2.8800000e+00   3.3700000e+00   4.6700000e+00
   2.1555000e+02   1.9400000e+00   3.3900000e+00   3.6200000e+00
   2.1548000e+02   1.7900000e+00   3.3900000e+00   2.9000000e+00
   2.1541000e+02   1.6700000e+00   3.4000000e+00   2.9600000e+00
   2.1546000e+02   1.8000000e+00   3.4000000e+00   3.3700000e+00
   2.1574000e+02   3.4200000e+00   3.4300000e+00   4.3800000e+00
   2.1618000e+02   2.4800000e+00   3.5200000e+00   4.4100000e+00
   2.1639000e+02   1.9800000e+00   3.4600000e+00   3.5900000e+00
   2.1646000e+02   2.3000000e+00   3.3600000e+00   3.3400000e+00
   2.1653000e+02   2.4800000e+00   3.3300000e+00   3.6400000e+00
   2.1658000e+02   2.1100000e+00   3.2500000e+00   3.7100000e+00
   2.1660000e+02   1.9200000e+00   3.2500000e+00   3.3100000e+00
   2.1656000e+02   1.7400000e+00   3.3000000e+00   3.1600000e+00
   2.1653000e+02   2.5500000e+00   3.3000000e+00   2.9600000e+00
   2.1651000e+02   2.1300000e+00   3.3200000e+00   3.5800000e+00
   2.1648000e+02   1.8000000e+00   3.3100000e+00   3.2800000e+00
   2.1642000e+02   1.6900000e+00   3.3300000e+00   2.9200000e+00
   2.1634000e+02   1.6500000e+00   3.3600000e+00   2.8800000e+00
   2.1628000e+02   1.6100000e+00   3.3800000e+00   2.8000000e+00
   2.1624000e+02   1.6900000e+00   3.3500000e+00   2.8300000e+00
   2.1618000e+02   1.7100000e+00   3.3400000e+00   2.8300000e+00
   2.1612000e+02   1.6100000e+00   3.3600000e+00   2.9300000e+00
   2.1606000e+02   1.6200000e+00   3.3600000e+00   2.7900000e+00
   2.1601000e+02   2.4400000e+00   3.3500000e+00   2.8000000e+00
   2.1594000e+02   2.0700000e+00   3.3600000e+00   3.4800000e+00
   2.1590000e+02   1.7100000e+00   3.3400000e+00   3.1600000e+00
   2.1585000e+02   1.6000000e+00   3.3100000e+00   2.9100000e+00
   2.1585000e+02   1.5800000e+00   3.3100000e+00   2.8700000e+00
   2.1579000e+02   1.5600000e+00   3.2800000e+00   2.9800000e+00
   2.1575000e+02   1.5600000e+00   3.3400000e+00   2.8000000e+00
   2.1571000e+02   1.5800000e+00   3.3600000e+00   2.9500000e+00
   2.1568000e+02   1.6100000e+00   3.3000000e+00   2.8200000e+00
   2.1561000e+02   1.8800000e+00   3.3300000e+00   2.9400000e+00
   2.1555000e+02   1.6400000e+00   3.3200000e+00   2.9800000e+00
   2.1548000e+02   1.6000000e+00   3.3100000e+00   2.8600000e+00
   2.1540000e+02   1.5700000e+00   3.3200000e+00   2.7500000e+00
   2.1532000e+02   1.5600000e+00   3.3400000e+00   2.7100000e+00
   2.1522000e+02   1.5700000e+00   3.3600000e+00   2.7100000e+00
   2.1514000e+02   1.5300000e+00   3.3400000e+00   2.7000000e+00
   2.1504000e+02   1.5300000e+00   3.3500000e+00   2.6500000e+00
   2.1493000e+02   1.5500000e+00   3.3600000e+00   2.6600000e+00
   2.1486000e+02   1.5300000e+00   3.3400000e+00   2.6800000e+00
   2.1475000e+02   1.5800000e+00   3.3500000e+00   2.7600000e+00
   2.1467000e+02   1.5600000e+00   3.3200000e+00   2.7100000e+00
   2.1460000e+02   1.5500000e+00   3.3100000e+00   2.7100000e+00
   2.1454000e+02   1.5800000e+00   3.3400000e+00   2.7100000e+00
   2.1453000e+02   1.5500000e+00   3.3100000e+00   2.7100000e+00
   2.1446000e+02   1.5500000e+00   3.2900000e+00   2.7400000e+00
   2.1439000e+02   1.5200000e+00   3.2800000e+00   2.6300000e+00
   2.1432000e+02   1.4900000e+00   3.2700000e+00   2.6600000e+00
   2.1426000e+02   1.5100000e+00   3.2500000e+00   2.6700000e+00
   2.1421000e+02   1.4900000e+00   3.2600000e+00   2.5900000e+00
   2.1414000e+02   1.5400000e+00   3.2700000e+00   2.6600000e+00
   2.1406000e+02   1.5700000e+00   3.2700000e+00   2.5900000e+00
   2.1397000e+02   1.5700000e+00   3.2600000e+00   2.6500000e+00
   2.1389000e+02   1.5400000e+00   3.2600000e+00   2.6800000e+00
   2.1385000e+02   1.5800000e+00   3.2600000e+00   2.6900000e+00
   2.1402000e+02   8.7300000e+00   3.3000000e+00   4.9700000e+00
