   0.0000000e+00   0.0000000e+00
   1.0000000e-02   3.8000000e-01
   1.0000000e-02   0.0000000e+00
   0.0000000e+00   0.0000000e+00
   1.0000000e-02   0.0000000e+00
   0.0000000e+00   0.0000000e+00
   1.0000000e-02   0.0000000e+00
   0.0000000e+00   0.0000000e+00
   0.0000000e+00   0.0000000e+00
   0.0000000e+00   0.0000000e+00
   0.0000000e+00   0.0000000e+00
   1.0000000e-02   0.0000000e+00
   0.0000000e+00   0.0000000e+00
   0.0000000e+00   0.0000000e+00
   0.0000000e+00   0.0000000e+00
   0.0000000e+00   0.0000000e+00
   1.1200000e+00   2.5000000e-01
   9.0000000e-02   1.0000000e-02
   0.0000000e+00   0.0000000e+00
   0.0000000e+00   0.0000000e+00
   1.0000000e-02   0.0000000e+00
   0.0000000e+00   0.0000000e+00
   1.0000000e-02   0.0000000e+00
   1.0000000e-02   1.0000000e-02
   0.0000000e+00   0.0000000e+00
   0.0000000e+00   0.0000000e+00
   0.0000000e+00   0.0000000e+00
   0.0000000e+00   0.0000000e+00
   0.0000000e+00   0.0000000e+00
   0.0000000e+00   0.0000000e+00
   0.0000000e+00   0.0000000e+00
   0.0000000e+00   0.0000000e+00
   0.0000000e+00   0.0000000e+00
   0.0000000e+00   0.0000000e+00
   0.0000000e+00   0.0000000e+00
   0.0000000e+00   0.0000000e+00
   0.0000000e+00   0.0000000e+00
   0.0000000e+00   0.0000000e+00
   0.0000000e+00   0.0000000e+00
   0.0000000e+00   0.0000000e+00
   0.0000000e+00   0.0000000e+00
   0.0000000e+00   0.0000000e+00
   0.0000000e+00   0.0000000e+00
   0.0000000e+00   0.0000000e+00
   0.0000000e+00   0.0000000e+00
   0.0000000e+00   0.0000000e+00
   0.0000000e+00   0.0000000e+00
   0.0000000e+00   0.0000000e+00
   0.0000000e+00   0.0000000e+00
   0.0000000e+00   0.0000000e+00
   0.0000000e+00   0.0000000e+00
   2.2000000e-01   1.6000000e-01
   1.0000000e-02   0.0000000e+00
   0.0000000e+00   0.0000000e+00
   0.0000000e+00   0.0000000e+00
   0.0000000e+00   3.8000000e-01
   9.2000000e-01   8.5000000e-01
   2.7000000e-01   6.9000000e-01
   2.4000000e+00   1.7900000e+00
   2.1000000e-01   2.4000000e-01
   0.0000000e+00   0.0000000e+00
   0.0000000e+00   0.0000000e+00
   0.0000000e+00   0.0000000e+00
   0.0000000e+00   0.0000000e+00
   0.0000000e+00   0.0000000e+00
   0.0000000e+00   0.0000000e+00
   0.0000000e+00   0.0000000e+00
   1.0000000e-02   0.0000000e+00
   0.0000000e+00   0.0000000e+00
   0.0000000e+00   0.0000000e+00
   0.0000000e+00   0.0000000e+00
   0.0000000e+00   0.0000000e+00
   0.0000000e+00   0.0000000e+00
   1.0000000e-02   0.0000000e+00
   0.0000000e+00   0.0000000e+00
   2.0000000e-02   0.0000000e+00
   0.0000000e+00   1.0000000e-02
   0.0000000e+00   0.0000000e+00
   2.4000000e-01   1.9000000e-01
   0.0000000e+00   0.0000000e+00
   0.0000000e+00   0.0000000e+00
   0.0000000e+00   0.0000000e+00
   1.0000000e-02   1.0000000e-02
   0.0000000e+00   0.0000000e+00
   0.0000000e+00   0.0000000e+00
   0.0000000e+00   6.0000000e-02
   0.0000000e+00   0.0000000e+00
   0.0000000e+00   0.0000000e+00
   8.0000000e-02   2.0000000e-02
   6.0000000e-02   2.0000000e-02
   2.0000000e-02   0.0000000e+00
   0.0000000e+00   0.0000000e+00
   0.0000000e+00   0.0000000e+00
   0.0000000e+00   0.0000000e+00
   0.0000000e+00   0.0000000e+00
   0.0000000e+00   0.0000000e+00
   3.0000000e-02   0.0000000e+00
   0.0000000e+00   0.0000000e+00
   0.0000000e+00   0.0000000e+00
   0.0000000e+00   0.0000000e+00
   0.0000000e+00   0.0000000e+00
   0.0000000e+00   0.0000000e+00
   0.0000000e+00   0.0000000e+00
   0.0000000e+00   0.0000000e+00
   0.0000000e+00   0.0000000e+00
   0.0000000e+00   0.0000000e+00
   0.0000000e+00   2.0000000e-02
   0.0000000e+00   0.0000000e+00
   5.7000000e-01   7.4000000e-01
   2.1000000e-01   3.8000000e-01
   0.0000000e+00   0.0000000e+00
   0.0000000e+00   0.0000000e+00
   0.0000000e+00   0.0000000e+00
   0.0000000e+00   0.0000000e+00
   0.0000000e+00   1.5000000e-01
   0.0000000e+00   0.0000000e+00
   2.0000000e-01   1.1000000e-01
   0.0000000e+00   0.0000000e+00
   0.0000000e+00   0.0000000e+00
   2.5000000e-01   3.4000000e-01
   0.0000000e+00   0.0000000e+00
   2.0000000e-02   1.4000000e-01
   1.0000000e-01   1.4000000e-01
   1.4400000e+00   1.2100000e+00
   0.0000000e+00   0.0000000e+00
   0.0000000e+00   0.0000000e+00
   0.0000000e+00   0.0000000e+00
   0.0000000e+00   0.0000000e+00
   0.0000000e+00   0.0000000e+00
   0.0000000e+00   0.0000000e+00
   0.0000000e+00   0.0000000e+00
   0.0000000e+00   0.0000000e+00
   0.0000000e+00   0.0000000e+00
   0.0000000e+00   0.0000000e+00
   0.0000000e+00   1.0000000e-01
   1.0000000e-02   2.0000000e-02
   0.0000000e+00   0.0000000e+00
   0.0000000e+00   0.0000000e+00
   0.0000000e+00   0.0000000e+00
   0.0000000e+00   0.0000000e+00
   0.0000000e+00   0.0000000e+00
   3.7000000e-01   6.7000000e-01
   0.0000000e+00   0.0000000e+00
   1.0000000e-01   1.0000000e-02
   1.0000000e-02   0.0000000e+00
   0.0000000e+00   0.0000000e+00
   5.0000000e-02   9.0000000e-02
   1.0000000e-02   0.0000000e+00
   0.0000000e+00   0.0000000e+00
   0.0000000e+00   0.0000000e+00
   0.0000000e+00   0.0000000e+00
   0.0000000e+00   0.0000000e+00
   0.0000000e+00   0.0000000e+00
   0.0000000e+00   0.0000000e+00
   1.1000000e-01   1.0000000e-01
   0.0000000e+00   0.0000000e+00
   5.4000000e-01   8.9000000e-01
   0.0000000e+00   0.0000000e+00
   0.0000000e+00   1.0000000e-02
   0.0000000e+00   1.4000000e-01
   0.0000000e+00   1.0000000e-02
   0.0000000e+00   0.0000000e+00
   0.0000000e+00   0.0000000e+00
   0.0000000e+00   0.0000000e+00
   0.0000000e+00   0.0000000e+00
   0.0000000e+00   0.0000000e+00
   0.0000000e+00   0.0000000e+00
   7.0000000e-01   5.9000000e-01
   6.4000000e-01   1.0000000e-01
   0.0000000e+00   2.2000000e-01
   0.0000000e+00   0.0000000e+00
   0.0000000e+00   0.0000000e+00
   0.0000000e+00   0.0000000e+00
   3.5000000e-01   9.0000000e-02
   0.0000000e+00   0.0000000e+00
   0.0000000e+00   0.0000000e+00
   1.0000000e-02   0.0000000e+00
   9.0000000e-02   1.9000000e-01
   0.0000000e+00   0.0000000e+00
   0.0000000e+00   9.0000000e-02
   0.0000000e+00   0.0000000e+00
   8.3000000e-01   3.6000000e-01
   0.0000000e+00   0.0000000e+00
   0.0000000e+00   0.0000000e+00
   0.0000000e+00   0.0000000e+00
   0.0000000e+00   0.0000000e+00
   0.0000000e+00   0.0000000e+00
   0.0000000e+00   0.0000000e+00
   1.0700000e+00   1.1500000e+00
   0.0000000e+00   0.0000000e+00
   0.0000000e+00   0.0000000e+00
   1.0900000e+00   6.2000000e-01
   1.6000000e-01   4.0000000e-02
   0.0000000e+00   0.0000000e+00
   0.0000000e+00   0.0000000e+00
   0.0000000e+00   0.0000000e+00
   0.0000000e+00   0.0000000e+00
   0.0000000e+00   0.0000000e+00
   0.0000000e+00   0.0000000e+00
   6.7000000e-01   6.5000000e-01
   1.0000000e-02   1.0000000e-02
   0.0000000e+00   0.0000000e+00
   0.0000000e+00   0.0000000e+00
   1.8000000e-01   2.3000000e-01
   1.0000000e-02   1.0000000e-02
   0.0000000e+00   0.0000000e+00
   0.0000000e+00   0.0000000e+00
   0.0000000e+00   0.0000000e+00
   0.0000000e+00   1.0000000e-02
   0.0000000e+00   0.0000000e+00
   0.0000000e+00   0.0000000e+00
   0.0000000e+00   0.0000000e+00
   0.0000000e+00   0.0000000e+00
   6.0000000e-02   2.5000000e-01
   1.2000000e-01   1.3000000e-01
   6.1000000e-01   8.2000000e-01
   3.0000000e-02   2.7000000e-01
   0.0000000e+00   0.0000000e+00
   1.3000000e-01   4.1000000e-01
   1.4000000e-01   8.0000000e-01
   3.4000000e-01   1.7000000e-01
   1.4000000e-01   4.0000000e-01
   0.0000000e+00   0.0000000e+00
   0.0000000e+00   0.0000000e+00
   0.0000000e+00   0.0000000e+00
   0.0000000e+00   0.0000000e+00
   0.0000000e+00   0.0000000e+00
   6.0000000e-02   9.0000000e-02
   0.0000000e+00   0.0000000e+00
   0.0000000e+00   0.0000000e+00
   0.0000000e+00   0.0000000e+00
   0.0000000e+00   0.0000000e+00
   0.0000000e+00   0.0000000e+00
   0.0000000e+00   0.0000000e+00
   0.0000000e+00   1.1000000e-01
   1.9000000e-01   6.2000000e-01
   2.0000000e-02   0.0000000e+00
   5.0000000e-02   4.0000000e-02
   1.0000000e-02   0.0000000e+00
   0.0000000e+00   0.0000000e+00
   0.0000000e+00   0.0000000e+00
   0.0000000e+00   2.5000000e-01
   8.3000000e-01   4.5000000e-01
   6.9000000e-01   1.2300000e+00
   1.0000000e-02   0.0000000e+00
   0.0000000e+00   0.0000000e+00
   0.0000000e+00   0.0000000e+00
   0.0000000e+00   0.0000000e+00
   0.0000000e+00   0.0000000e+00
   0.0000000e+00   0.0000000e+00
   0.0000000e+00   0.0000000e+00
   0.0000000e+00   0.0000000e+00
   0.0000000e+00   0.0000000e+00
   6.0000000e-02   2.0000000e-02
   2.8000000e-01   5.3000000e-01
   1.0000000e-02   1.0000000e-02
   6.0000000e-02   5.0000000e-01
   0.0000000e+00   0.0000000e+00
   0.0000000e+00   2.0000000e-02
   1.0000000e-02   0.0000000e+00
   2.4000000e-01   8.0000000e-02
   2.9000000e-01   3.9000000e-01
   0.0000000e+00   0.0000000e+00
   3.3000000e-01   1.6000000e-01
   0.0000000e+00   1.0000000e-02
   3.0000000e-02   2.6000000e-01
   0.0000000e+00   1.0000000e-02
   0.0000000e+00   0.0000000e+00
   0.0000000e+00   0.0000000e+00
   0.0000000e+00   3.0000000e-02
   0.0000000e+00   0.0000000e+00
   0.0000000e+00   0.0000000e+00
   0.0000000e+00   2.2000000e-01
   8.0000000e-01   2.2000000e-01
   0.0000000e+00   0.0000000e+00
   0.0000000e+00   0.0000000e+00
   0.0000000e+00   1.0000000e-02
   0.0000000e+00   3.1000000e-01
   0.0000000e+00   0.0000000e+00
   0.0000000e+00   0.0000000e+00
   0.0000000e+00   0.0000000e+00
   0.0000000e+00   0.0000000e+00
   0.0000000e+00   0.0000000e+00
   0.0000000e+00   0.0000000e+00
   0.0000000e+00   0.0000000e+00
   0.0000000e+00   0.0000000e+00
   0.0000000e+00   0.0000000e+00
   0.0000000e+00   0.0000000e+00
   0.0000000e+00   0.0000000e+00
   0.0000000e+00   0.0000000e+00
   6.0000000e-02   0.0000000e+00
   5.9000000e-01   0.0000000e+00
   0.0000000e+00   1.0000000e-02
   1.0000000e-01   0.0000000e+00
   0.0000000e+00   0.0000000e+00
   0.0000000e+00   0.0000000e+00
   9.0000000e-02   0.0000000e+00
   2.0000000e-02   1.0000000e-02
   0.0000000e+00   2.9100000e+00
   0.0000000e+00   1.6000000e-01
   0.0000000e+00   0.0000000e+00
   0.0000000e+00   0.0000000e+00
   0.0000000e+00   0.0000000e+00
   0.0000000e+00   0.0000000e+00
   0.0000000e+00   0.0000000e+00
   4.6000000e-01   6.5000000e-01
   0.0000000e+00   1.3300000e+00
   0.0000000e+00   0.0000000e+00
   0.0000000e+00   0.0000000e+00
   0.0000000e+00   0.0000000e+00
   5.0000000e-02   3.3000000e-01
   4.0000000e-01   7.7000000e-01
   1.4500000e+00   2.0000000e-02
   4.0000000e-02   2.0000000e-01
   2.9000000e-01   2.0000000e-02
   1.0000000e-01   2.0000000e-01
   0.0000000e+00   1.0000000e-02
   1.2000000e-01   0.0000000e+00
   0.0000000e+00   0.0000000e+00
   0.0000000e+00   0.0000000e+00
   4.0000000e-02   0.0000000e+00
   0.0000000e+00   0.0000000e+00
   0.0000000e+00   0.0000000e+00
   0.0000000e+00   0.0000000e+00
   5.0000000e-02   0.0000000e+00
   8.0000000e-02   0.0000000e+00
   0.0000000e+00   0.0000000e+00
   0.0000000e+00   0.0000000e+00
   2.3000000e-01   0.0000000e+00
   2.5000000e-01   5.2000000e-01
   0.0000000e+00   0.0000000e+00
   0.0000000e+00   0.0000000e+00
   0.0000000e+00   0.0000000e+00
   4.9000000e-01   2.0000000e-02
   0.0000000e+00   0.0000000e+00
   0.0000000e+00   0.0000000e+00
   6.0000000e-01   0.0000000e+00
   2.5000000e-01   3.1000000e-01
   0.0000000e+00   0.0000000e+00
   0.0000000e+00   0.0000000e+00
   0.0000000e+00   0.0000000e+00
   0.0000000e+00   0.0000000e+00
   0.0000000e+00   0.0000000e+00
   0.0000000e+00   0.0000000e+00
   7.0000000e-02   0.0000000e+00
   0.0000000e+00   0.0000000e+00
   0.0000000e+00   0.0000000e+00
   2.0000000e-01   2.1000000e-01
   0.0000000e+00   0.0000000e+00
   0.0000000e+00   0.0000000e+00
   2.2000000e-01   1.3000000e-01
   0.0000000e+00   1.0000000e-02
   1.0000000e-02   1.5000000e-01
   0.0000000e+00   0.0000000e+00
   0.0000000e+00   0.0000000e+00
   0.0000000e+00   0.0000000e+00
   0.0000000e+00   0.0000000e+00
   0.0000000e+00   0.0000000e+00
   0.0000000e+00   1.0000000e-02
   0.0000000e+00   0.0000000e+00
   0.0000000e+00   0.0000000e+00
   0.0000000e+00   0.0000000e+00
   0.0000000e+00   0.0000000e+00
   5.2000000e-01   8.0000000e-01
   1.8500000e+00   3.5200000e+00
