   4.0500000e+00   4.6100000e+00
   5.1200000e+00   5.3700000e+00
   1.2700000e+00   1.3900000e+00
   6.6000000e-01   4.6000000e-01
   4.6600000e+00   4.7900000e+00
   2.6400000e+00   2.2300000e+00
   4.9900000e+00   4.6800000e+00
   7.4600000e+00   6.3900000e+00
   2.7000000e-01   3.3000000e-01
   3.1300000e+00   2.8500000e+00
   9.4000000e+00   9.9700000e+00
   1.4700000e+00   1.3900000e+00
   1.0000000e+00   1.3200000e+00
   1.9000000e+00   1.8700000e+00
   2.4100000e+00   2.9800000e+00
   9.8000000e-01   1.1000000e+00
   2.0500000e+00   2.7300000e+00
   1.5500000e+00   8.4000000e-01
   3.1400000e+00   4.2000000e+00
   7.1100000e+00   6.9900000e+00
   1.0900000e+00   5.3000000e-01
   3.0100000e+00   2.0000000e+00
   3.8300000e+00   3.2600000e+00
   4.0500000e+00   4.1000000e+00
   5.2500000e+00   5.8800000e+00
   3.8700000e+00   4.2300000e+00
   4.3000000e+00   4.5400000e+00
   6.1800000e+00   5.4600000e+00
   3.1000000e+00   3.0800000e+00
   1.8700000e+00   2.4800000e+00
   4.2100000e+00   2.5800000e+00
   3.2000000e+00   2.7100000e+00
   5.8700000e+00   5.8300000e+00
   1.7400000e+00   2.6500000e+00
   3.4000000e+00   2.4800000e+00
   3.4400000e+00   3.8600000e+00
   3.1100000e+00   3.3500000e+00
   2.0300000e+00   2.2400000e+00
   1.9100000e+00   2.0900000e+00
   2.9500000e+00   3.4800000e+00
   3.4800000e+00   4.9700000e+00
   3.0100000e+00   2.4300000e+00
   3.0000000e+00   3.2300000e+00
   3.8800000e+00   4.1200000e+00
   4.4500000e+00   4.7900000e+00
   3.4800000e+00   4.1400000e+00
   4.7500000e+00   3.8500000e+00
   8.2000000e-01   7.6000000e-01
   1.6000000e+00   1.7000000e+00
   6.0800000e+00   5.9100000e+00
   7.3500000e+00   7.0600000e+00
   4.0500000e+00   5.6100000e+00
   5.5600000e+00   4.4200000e+00
   7.7700000e+00   6.6200000e+00
   6.1400000e+00   7.3000000e+00
   5.1200000e+00   6.3000000e+00
             NaN   3.9600000e+00
   5.0500000e+00   4.9100000e+00
   3.3900000e+00   3.0900000e+00
   3.0200000e+00   3.1200000e+00
   4.3100000e+00   3.9300000e+00
   4.2200000e+00   4.3200000e+00
   3.6600000e+00   4.1700000e+00
   3.0300000e+00   4.4200000e+00
   7.0700000e+00   6.9500000e+00
   1.3600000e+00   1.1400000e+00
   2.5600000e+00   3.6700000e+00
   2.7600000e+00   4.6700000e+00
   5.7000000e-01   4.6000000e-01
   1.0390000e+01   8.1600000e+00
   2.2900000e+00   2.0800000e+00
   4.0400000e+00   3.7800000e+00
   5.2500000e+00   5.1500000e+00
   1.3100000e+00   1.3100000e+00
   6.5800000e+00   5.9400000e+00
   3.8400000e+00   2.6300000e+00
   3.2200000e+00   2.7200000e+00
   2.8400000e+00   2.0300000e+00
   4.7000000e+00   5.3500000e+00
   3.1900000e+00   3.1300000e+00
   4.3400000e+00   4.9600000e+00
   1.3900000e+00   1.9300000e+00
   1.6200000e+00   9.8000000e-01
   3.2200000e+00   2.7300000e+00
   3.7300000e+00   4.8400000e+00
   3.0000000e+00   2.4500000e+00
   3.0900000e+00   3.7700000e+00
   4.3000000e+00   2.4000000e+00
   3.2400000e+00   3.2300000e+00
   5.7000000e+00   4.6700000e+00
   3.4900000e+00   3.9800000e+00
   4.0400000e+00   4.1900000e+00
   2.2000000e+00   2.3500000e+00
   3.8900000e+00   4.5400000e+00
   5.8800000e+00   5.0800000e+00
   2.6200000e+00   2.8400000e+00
   4.9900000e+00   5.1300000e+00
   3.1000000e+00   2.6600000e+00
   7.6800000e+00   7.5700000e+00
   5.0000000e+00   4.9900000e+00
   3.4900000e+00   4.3200000e+00
   1.5800000e+00   1.6500000e+00
   6.0500000e+00   3.2200000e+00
   3.6400000e+00   2.2000000e+00
   3.2000000e+00   2.6800000e+00
   2.6400000e+00   3.2700000e+00
   3.4500000e+00   3.6000000e+00
   3.7600000e+00   3.6900000e+00
   3.7900000e+00   3.9900000e+00
   3.2700000e+00   3.3100000e+00
   6.9700000e+00   6.9000000e+00
   1.7100000e+00   2.5700000e+00
   2.2600000e+00   2.2200000e+00
   3.0200000e+00   2.7000000e+00
   6.7700000e+00   5.6600000e+00
   6.7800000e+00   3.9100000e+00
   2.0600000e+00   1.4900000e+00
   2.6000000e+00   3.6500000e+00
   2.6400000e+00   2.3800000e+00
   9.9000000e-01   2.3800000e+00
   4.8700000e+00   4.2500000e+00
   4.1300000e+00   3.8200000e+00
   3.0100000e+00   3.1300000e+00
   9.6000000e-01   1.1800000e+00
   4.2600000e+00   3.6600000e+00
   1.0550000e+01   1.1000000e+01
   3.6200000e+00   3.9700000e+00
   3.8800000e+00   3.2300000e+00
   2.1600000e+00   1.7300000e+00
   8.0000000e+00   8.2700000e+00
   3.8500000e+00   4.7700000e+00
   1.8100000e+00   1.8400000e+00
   5.0400000e+00   3.8300000e+00
   2.3900000e+00   2.3300000e+00
   3.7900000e+00   4.1000000e+00
   3.5400000e+00   3.6300000e+00
   4.9600000e+00   5.0300000e+00
   2.5500000e+00   1.8900000e+00
   4.1900000e+00   3.5000000e+00
   5.6900000e+00   5.2800000e+00
   1.2650000e+01   1.3240000e+01
   3.9700000e+00   2.9100000e+00
   2.7600000e+00   3.3200000e+00
   3.6800000e+00   3.8200000e+00
   3.4200000e+00   3.5600000e+00
   3.3200000e+00   2.8900000e+00
   3.3200000e+00   1.9200000e+00
   6.5500000e+00   5.6500000e+00
   1.4500000e+00   1.3800000e+00
   3.9700000e+00   3.6300000e+00
   4.6700000e+00   4.2600000e+00
   1.3900000e+00   1.3100000e+00
   4.4200000e+00   3.7700000e+00
   3.0300000e+00   2.6700000e+00
   3.5300000e+00   3.6600000e+00
   2.9900000e+00   2.6600000e+00
   7.5300000e+00   7.9100000e+00
   6.1600000e+00   5.1300000e+00
   6.3600000e+00   8.3700000e+00
   4.1200000e+00   3.7400000e+00
   4.4700000e+00   3.9500000e+00
   2.4700000e+00   2.3600000e+00
   2.4400000e+00   2.8300000e+00
   3.0200000e+00   3.0700000e+00
   3.6300000e+00   3.8200000e+00
   1.3100000e+00   2.9900000e+00
   1.7700000e+00   2.1900000e+00
   4.5800000e+00   4.7500000e+00
   5.8800000e+00   5.5100000e+00
   6.1500000e+00   1.9000000e+00
   2.7200000e+00   3.0000000e+00
   4.3200000e+00   4.8700000e+00
   1.8600000e+00   1.2200000e+00
   2.2100000e+00   3.2800000e+00
   3.8700000e+00   3.2800000e+00
   3.3300000e+00   3.4800000e+00
   1.5920000e+01   1.7800000e+01
   2.3900000e+00   2.6700000e+00
   2.0800000e+00   1.5900000e+00
   2.0600000e+00   1.7400000e+00
   3.5600000e+00   2.4800000e+00
   1.9500000e+00   2.5600000e+00
   2.6800000e+00   3.2000000e+00
   5.4100000e+00   5.6600000e+00
   1.9400000e+00   3.1800000e+00
   4.1300000e+00   3.8200000e+00
   4.6000000e+00   5.3400000e+00
   5.0700000e+00   4.7800000e+00
   5.6800000e+00   4.4200000e+00
   7.0000000e-02   8.0000000e-02
   1.8600000e+00   2.0300000e+00
   1.4500000e+00   1.8500000e+00
   2.1300000e+00   1.9800000e+00
   2.6100000e+00   2.9100000e+00
   5.4800000e+00   6.2800000e+00
   2.2300000e+00   2.6000000e+00
   3.1800000e+00   3.1200000e+00
   4.6300000e+00   4.5900000e+00
   4.4400000e+00   6.4600000e+00
   2.6700000e+00   2.7100000e+00
   2.4100000e+00   2.3300000e+00
   1.1200000e+00   1.4100000e+00
   4.0000000e-01   4.9000000e-01
   2.2000000e+00   1.9200000e+00
   3.9100000e+00   4.2900000e+00
   1.1700000e+00   1.0200000e+00
   3.2200000e+00   3.0100000e+00
   1.0700000e+00   1.5700000e+00
   1.6200000e+00   2.0200000e+00
   2.1900000e+00   2.3200000e+00
   3.5000000e+00   2.8700000e+00
   3.7100000e+00   5.1800000e+00
   5.2700000e+00   3.9500000e+00
   8.5100000e+00   7.9600000e+00
   3.6900000e+00   3.3800000e+00
   4.2000000e+00   3.3200000e+00
   2.0300000e+00   2.1300000e+00
   4.8300000e+00   4.7700000e+00
   7.3700000e+00   6.7100000e+00
   6.6300000e+00   6.2900000e+00
   7.2700000e+00   5.4700000e+00
   5.2300000e+00   3.1500000e+00
   7.0300000e+00   6.4800000e+00
   7.1300000e+00   4.2800000e+00
   5.9800000e+00   5.7700000e+00
   2.4100000e+00   2.8700000e+00
   1.7000000e+00   2.1800000e+00
   3.1800000e+00   4.1200000e+00
   1.0300000e+00   1.2000000e+00
   2.7600000e+00   1.9900000e+00
   1.7900000e+00   1.5400000e+00
   2.1500000e+00   2.3200000e+00
   3.1800000e+00   3.4800000e+00
   5.4900000e+00   3.6500000e+00
   6.0700000e+00   4.6800000e+00
   6.5000000e+00   8.7200000e+00
   6.1800000e+00   3.9500000e+00
   1.6200000e+00   1.7600000e+00
   4.3700000e+00   3.2500000e+00
   2.4400000e+00   2.1100000e+00
   1.4000000e+00   2.8700000e+00
   2.3800000e+00   1.9100000e+00
   4.3900000e+00   4.3400000e+00
   1.7700000e+00   7.4000000e-01
   2.1200000e+00   3.5200000e+00
   2.9500000e+00   2.6600000e+00
   5.1300000e+00   2.4400000e+00
   3.0600000e+00   2.1500000e+00
             NaN             NaN
             NaN             NaN
             NaN             NaN
             NaN             NaN
             NaN   2.6700000e+00
             NaN   2.0600000e+00
             NaN   1.1100000e+00
             NaN   4.4100000e+00
             NaN   2.5600000e+00
             NaN   1.5230000e+01
             NaN   4.1200000e+00
             NaN   3.5100000e+00
             NaN   4.5600000e+00
             NaN   3.4900000e+00
             NaN   6.3700000e+00
             NaN   3.5300000e+00
             NaN   3.0500000e+00
             NaN   1.9500000e+00
             NaN   3.1300000e+00
             NaN   3.5800000e+00
             NaN   1.6400000e+00
             NaN   4.0300000e+00
             NaN   3.1400000e+00
             NaN   5.9000000e-01
             NaN   2.1500000e+00
             NaN             NaN
             NaN             NaN
             NaN             NaN
