       178.99      -156.32       199.53
      -18.529       151.89      -457.71
       181.05      -156.69       191.25
       328.14       139.73       251.14
       169.41       25.142      -63.498
       34.008       136.26      -457.69
       37.713       123.37      -457.64
       1.6526       146.86      -457.84
       18.215       146.07       -457.8
       207.74      -145.69       183.71
       109.94      -34.686      -74.137
      -374.36        -71.4       12.279
       180.96      -159.47        209.2
       1.1071       127.49      -457.34
       2.2547       136.49      -457.62
       19.746       -247.7       132.78
       71.494       176.42       184.93
       132.59       38.523      -69.287
       1.8038      -9.4319        62.99
       154.09       41.738      -64.707
       14.712      -231.64       136.13
      -382.83      -75.023       13.624
      -351.23      -66.571       11.763
       56.115       176.18       187.08
     -0.46629      -8.8546       62.797
       16.743      -233.42       137.07
      -2.4526       140.72      -457.57
       300.67       128.14       251.57
        1.441      -217.74       116.17
       3.9816       106.88      -195.58
       327.55       124.33       243.22
       15.586       140.86       -457.6
       313.18       133.87       252.62
      -384.82      -60.596       14.784
       118.75       58.894      -13.061
       183.84      -159.27       196.79
        71.82       178.43       175.98
       89.264       130.01       -196.2
       54.173        117.1      -457.51
      -5.4177      -218.48       147.49
      -8.5881      -211.43       124.91
      -5.0315      -224.04       138.45
      -418.27      -89.939        13.77
       148.61       2.2377      -46.347
        177.2      -159.15       207.79
      -9.7218      -206.82       139.95
       190.27       -149.6       191.32
       4.3171      -232.22       143.36
      -21.526      -198.08       137.33
       61.391       99.542      -457.27
        62.23       133.04      -195.28
       286.43       112.22        236.2
       306.51       118.48       240.06
       9.8676       122.95      -196.28
       282.93       115.96        234.6
      -393.61      -78.777       8.5094
      -34.389       170.36      -457.85
       47.898       174.77       180.84
       154.03       49.057      -57.264
       330.94       127.45       244.99
      -388.18      -68.014       5.9636
       305.46        123.3        245.8
       198.52      -155.28       188.84
      -400.06      -79.922       10.581
       169.43       17.365        -48.4
       330.54       120.02       246.43
       7.2195      -208.96       125.57
       131.53      -4.4302      -52.318
       63.514       165.52       183.31
       -392.4      -70.482       13.285
      0.52277      -25.701       62.482
       152.83     -0.45841      -56.776
       71.867       114.39      -457.55
       176.89      -2.2649      -44.273
       7.8793       144.09      -457.88
      0.65539      -12.506       62.487
       317.97       124.63       242.94
      -3.8146      -25.232       62.427
         41.6        129.9      -457.59
       199.77      -146.39       184.72
       302.26       123.65       253.94
       334.92       126.58       239.54
      -6.1669       -221.3       137.85
      -1.0894      -29.852        62.55
       60.378       166.99       187.94
       293.94       117.27       239.61
      -4.2248      -21.738       62.677
       91.227      -69.883      -82.376
       1.6485      -26.151       62.668
      -351.47      -54.431       1.4942
       172.79       44.643      -25.758
        138.9       47.146      -20.346
       75.467       82.036       8.3672
      -373.43      -91.585       3.3492
       136.38       52.013      -17.753
      -8.2245      -216.97        139.7
      -4.4713      -208.47       133.39
        134.9       58.307      -13.929
     -0.64994      -14.585       62.865
       168.51       5.6567      -51.784
       -3.754      -21.997       62.707
       211.41      -145.23       180.03
        70.81       175.72       185.25
      -369.62      -78.414       12.646
       8.8002       126.57      -195.83
       120.13       54.904      -13.217
      -12.054      -203.31       118.09
       146.52       7.5489      -44.764
       157.83       71.177      -29.351
       4.8917       113.63      -195.51
       189.87      -156.65       192.95
       9.7711      -223.95       135.46
       65.302       175.67        174.5
       10.079      -24.461       62.323
       66.949       103.66      -457.34
       86.962       37.689      -194.52
       221.61       41.245      -33.651
     -0.35719       -38.91       62.754
      -7.0477       151.29       -457.7
       177.27       46.055       -77.18
       117.73      -66.449      -69.051
       63.108       160.06       181.85
       75.396       176.38       185.82
       5.4505      -14.403       62.799
       27.604       129.39      -457.81
        201.1      -149.45       193.98
       13.585      -26.433       63.093
       57.833       178.81       185.14
       199.12      -158.25       196.91
       23.666       131.29      -196.86
      -22.545      -216.44       150.58
          321       121.89       241.52
       127.63      -46.578      -36.832
       178.84       93.174      -67.038
        190.1      -156.92       200.85
      -12.384      -217.37       128.15
       73.025       139.76       -196.2
       53.819       129.49      -457.77
       -2.535      -43.653       62.662
       188.11         60.9      -35.915
       60.802          121       -457.8
      -405.71      -71.967      0.82246
       8.1316      -28.242       62.932
       134.19       63.309      -15.829
       119.99       63.894      -14.065
      -2.2284       124.67      -195.66
        330.9       132.91       246.79
       29.656       123.82      -457.48
       61.647       160.43       183.58
       146.85       63.445      -24.451
      -10.948      -230.13       145.03
       161.54       47.228      -19.214
      -13.666      -27.063       62.787
        287.3        118.3        239.8
      -383.65      -72.321        6.785
       72.464       126.51       -195.8
      -2.3375      -36.582       62.647
       128.82      -18.939      -90.592
        320.4       122.07       248.04
       12.033       116.46      -196.06
       97.602       47.848      -1.2995
       165.11       35.835       -25.02
       89.598       99.219       -195.5
        110.8      -31.698      -43.928
       40.665        123.4      -457.66
       138.54       4.7442      -78.817
      -8.6602      -12.868       62.772
       13.159      -39.868       62.438
       306.41       138.56       249.33
       288.34        122.9       242.88
       309.73       116.62        246.7
       4.3058      -22.972       62.847
       57.422        166.9       174.22
      -402.12      -80.368      0.73364
       59.092       164.21       186.65
      -9.9501      -15.148        62.84
       148.72       33.865      -64.057
      -17.136       159.39      -457.68
       137.76       57.435      -13.334
      -30.054      -198.14       135.53
      -16.249      -210.69       130.83
       39.983       99.334      -195.92
      -1.5178      -21.969       63.195
       96.346        62.33      -9.4269
       78.759       172.94       174.89
       22.094      -218.96       137.37
       38.339        125.5      -457.68
       38.024       81.505      -194.86
       80.069       92.773      -195.98
      -386.54      -70.455       19.245
       104.24       55.313      -2.2741
       185.73      -156.04       202.64
       3.5409      -18.173       62.436
       4.1057      -30.192       63.156
       63.905       170.22       175.71
       63.134       172.27       179.97
       208.39      -145.97       181.12
       143.86       9.2796      -69.258
      0.29162      -16.977       62.799
      -370.94      -57.663       19.908
       190.01      -153.03       201.08
       310.19       112.97       243.94
       165.93       53.754      -26.352
       191.85      -149.02       175.47
       327.38       122.14       246.24
       116.52       44.934      -9.3094
       61.052       120.97      -195.74
       15.781      -228.44       127.28
      -370.33      -84.327       15.659
       159.52       28.733      -50.256
        164.1       57.865       -25.32
       166.45      -150.14       212.95
       15.311       139.35      -457.79
       6.0559        109.4      -194.87
        37.63       115.45      -196.65
      -389.65      -82.729       22.566
       42.794       167.29       183.64
      -381.04      -81.047       14.116
       35.672       132.72      -457.69
       53.908       177.21        190.4
       81.797       79.411       3.9254
      -2.3537      -11.419       62.883
       170.29       14.415      -72.828
       302.47       127.42       235.26
       185.47      -157.68       199.99
      -6.6132      -222.64       150.64
      0.65677      -43.356       62.619
       19.135       145.81      -457.84
      -3.9242      -200.98       129.31
       219.21       55.635      -39.733
       127.97       -7.687      -56.817
       21.012       118.93      -197.17
       4.3155      -223.16       148.14
       36.323       112.79      -195.79
       170.78       45.023      -59.048
       297.32       117.37       242.08
       102.29      -40.201      -58.448
       334.24       121.52       250.06
      -7.9421       -40.51       62.329
      -384.69       -78.16       11.758
       93.911       59.717      -2.4568
       32.384       73.955      -194.65
       154.35      -16.304      -54.592
      -376.62      -84.046       16.915
       46.897       136.66      -457.83
       139.29      -4.7746      -54.826
       138.74        40.59      -17.659
       124.08       70.082      -11.127
       76.012       70.693      -195.63
       301.52       127.47       249.73
       286.56       117.27       243.95
       151.16       57.064      -75.824
      -7.3841       -25.61       62.888
       204.65      -154.08       190.73
      -8.9296      -209.55       155.42
       20.732      -238.56       136.53
       2.1971      -30.233       62.457
       297.83       124.26       243.48
       178.74      -153.72       194.79
       174.99       72.697      -32.267
       1.1225       141.07      -457.66
       136.54       33.071      -57.029
      -3.8081      -208.49       149.72
      -367.65      -68.196       18.039
       39.684       151.65      -196.19
       109.55       34.807       -3.504
       133.33      -35.138       -50.22
       64.629       174.01       182.63
       51.814       123.15      -457.58
       192.97      -153.27       192.34
       308.99       117.03       247.37
       8.8468      -22.419       62.695
       98.778       43.195       4.7921
      -14.486      -217.81       144.51
      -1.9535      -214.16       145.37
       147.94       3.4111       -53.92
        69.72       177.65       178.13
       81.168       89.391      0.68936
       186.47      -149.26       194.75
       50.739       168.07       182.82
       149.06       3.5299      -61.414
      -33.887       138.32      -195.75
       60.548       170.48       179.36
      -378.94      -64.106       6.9257
       195.52      -153.78       192.96
       309.52       131.62       244.35
          322       113.68       239.26
       154.65           62      -23.273
        160.1       7.5831      -70.205
      -6.7165      -27.987       62.716
       60.465       108.25      -457.26
       21.406      -229.58       129.92
       5.2749       112.83      -194.77
      -401.92      -70.935       6.2895
      -7.2234       -43.66       62.419
       69.797       172.69       184.55
       3.6864      -9.3716       62.765
       -361.8      -63.078       12.433
       179.81      -150.45        188.5
       107.36      -61.242      -66.639
        298.9       121.53       242.04
       136.14       66.938      -21.347
       44.904       126.27      -457.41
          121       85.389      -14.279
       63.992       104.92      -457.35
        8.072      -218.09       129.05
       3.2715      -198.77       140.78
       127.86      -52.032      -68.645
       297.07       129.34       248.03
      -20.799      -206.71       137.42
      -386.73      -87.703        12.85
       17.202          134      -457.52
       141.87       9.5503      -52.541
       23.704      -240.41       121.67
       306.21       116.96       239.85
      -15.637      -217.38       145.15
      -409.71      -77.253       22.335
       74.901       46.067      -194.77
       74.077       87.059      -196.54
      -8.4537      -219.13       140.01
       201.68      -164.86       209.07
        145.2       24.505      -11.382
      -3.6348      -29.475       62.698
       117.65       10.447       -66.79
       74.447       98.234      -195.63
       321.57       123.58       250.52
       157.83        33.36      -56.907
      -2.8256      -21.375       63.028
       127.15       46.319      -8.7909
       49.132       183.61       183.62
      -16.274      -8.8994        63.09
       189.22      -150.56       197.25
       47.196       128.32      -457.64
       15.238      -209.65       125.89
      -5.2596       1.8717       63.092
       16.823      -215.16       130.91
       49.436       97.348      -196.15
       1.7847      -14.171        62.46
       1.3556       -34.98       62.667
       70.158       162.82       178.19
        202.1      -147.01        179.7
       19.011      -45.258       62.124
       58.864       174.38        180.9
        6.952      -213.65       135.09
       65.045       175.59       180.21
      -424.43      -90.056       12.082
       194.45      -156.91       190.12
      -18.441       125.81      -196.13
       72.319       172.03       181.39
        8.329      -217.28       141.62
       13.499       85.045      -194.79
     -0.71063      -238.18       133.15
       58.716        71.93      -195.57
     -0.95662      -21.875       63.363
       100.97       -10.34      -66.115
       2.6765       124.06      -195.61
       302.28       130.03       242.03
       329.75       113.06       239.87
      -8.4567       156.28      -457.96
       18.876      -236.59       147.23
      0.46119      -204.73       139.07
       317.94       112.49       239.46
      -21.864       -213.1       140.34
      -15.739      -184.76       145.41
        24.74       72.883      -195.61
       78.836       184.72        177.2
      -7.6936      -230.67       154.79
       69.684       124.39      -196.08
       83.291       66.506     -0.37969
      -2.1709      -2.4981       62.181
       195.08      -158.64       189.87
       343.33       121.55        238.6
      -2.4988       156.01      -457.95
       183.12      -150.21       189.13
       151.92       7.9861      -71.248
       54.748       180.73       174.02
       190.46      -148.77       194.42
       78.882        42.45       9.5728
       309.61       124.66       251.23
       1.6056      -40.255       62.611
        135.5       -23.41       -60.46
       44.547       108.15      -457.21
       136.17      -30.485      -57.551
       32.063       133.93      -457.44
       76.918        174.9       181.86
       77.734       111.18      -457.65
      -412.12      -77.491       5.4204
        128.9      -17.676       -69.24
       135.31      -21.807      -51.474
       197.56      -153.56       187.52
      -5.1884      -13.201       62.797
        202.9       -143.5       187.27
       2.5734         -239       147.96
       303.18        124.1       249.61
       51.814       184.34          190
       -19.99      -216.35          137
        310.4       114.72       242.66
      -384.17      -101.28       24.042
       5.2722       140.43      -457.78
       58.519       116.96      -457.49
       15.715       153.23      -457.83
       29.064       141.02      -457.73
       2.3702      -201.46       128.36
       194.08      -162.61       204.64
        16.64       133.27      -457.69
       43.689       62.914      -195.13
       10.399       132.24      -457.47
      -371.98       -73.87       9.1405
       61.305       48.451       13.884
       69.671       168.74       185.97
       140.95       35.316      -58.089
        45.43       118.83      -457.24
      -13.079      -214.68       133.23
       7.5003       123.01      -196.09
       166.32      -47.915      -55.726
      -17.126      -22.814       62.629
      -376.26      -76.902       7.1983
       2.0577       84.039      -195.21
        316.1       122.78       242.99
       197.66      -148.38       188.79
        -1.55      -230.45        142.1
       18.102       143.41      -457.71
       147.44        40.62      -19.102
      -368.41      -81.744        12.03
       23.294       126.48      -195.61
       32.576       132.15      -457.58
       131.56       62.976      -14.384
       154.44        9.002      -61.275
       9.8577      -220.51       126.04
      -405.52       -83.71       12.156
       39.068       131.09      -457.68
      -11.951      -226.86       140.63
       298.14       113.05       238.63
       -433.8      -95.416       3.7107
      -22.551      -212.72       136.04
      -389.51      -83.367       8.7688
      -356.76       -78.93       6.2839
      -11.865       -207.1       144.99
       189.57      -153.47       192.09
      -9.9867      -26.066       62.909
      -4.3532      -18.762       63.022
      -10.858     -0.20567       63.831
       129.06       4.2951      -53.732
       77.931       163.22       176.85
      -4.0169      -202.26       145.19
       8.4763      -216.95       140.82
       200.18      -152.92       200.98
       6.2985      -228.76       140.25
       148.36       25.785      -61.209
       307.79       114.63       232.35
        71.15       176.79       188.38
       32.974       121.14      -195.34
       142.24       47.473      -16.509
      -7.1195      -219.21       132.96
     -0.72386      -226.16       141.43
       110.19       64.664      -6.7719
       13.577        139.1      -457.71
       -2.791      -204.21       138.35
        9.016       90.965      -195.23
       68.193       176.92       180.08
        40.42       116.75      -195.61
       7.6852      -41.334       62.412
      -390.59      -71.569        10.26
      -395.83      -85.654       6.0988
      -3.6999      -204.62       134.72
       4.8977      -207.66       147.92
       194.89      -145.57       187.36
      -371.11      -72.137       13.186
       166.35        39.61      -68.571
        77.07       102.46      -457.39
       5.2441      -229.31       136.15
       131.11      -7.6434      -34.296
       318.51       118.49       241.69
      -2.5877      -21.432       62.709
       113.76       54.165      -5.0989
       45.101       127.52      -457.81
        46.15       129.35      -196.08
       53.697        171.2       187.47
       124.99      -18.622      -59.675
       13.843       138.66       -457.6
       58.884       76.367      -195.47
        17.69      -20.616       62.709
       1.1007       143.38       -457.8
       62.176       75.297       4.1047
       181.45      -151.39       183.54
       7.4798       152.72       -196.5
       46.061       77.092      -195.03
       34.689       132.54      -457.52
       -28.29       160.42      -195.93
       290.49       131.51       240.92
      -410.65      -92.514      -2.1148
       204.78      -151.35       194.73
       170.91       70.443      -29.845
      -411.11      -79.267       12.963
       21.904       134.72      -457.63
       192.42      -153.86       193.63
        5.773       135.48      -457.72
        31.58       133.69      -457.76
      -15.074      -200.34       146.77
       326.62       121.83        248.4
       170.22      -23.077      -60.726
       7.4547          114      -196.12
       33.179       125.19      -457.61
       149.87      -29.302      -53.513
      -4.4671       140.69      -457.48
       49.702       120.43      -457.51
      -379.44      -68.323       16.517
       77.652       170.87       182.13
       310.28       122.63       241.98
       -1.555      -24.967       62.791
       190.35      -157.46       192.57
       209.96      -150.86       187.51
      -9.5631      -11.062       62.925
       74.232       64.148       4.7861
      -10.578      -32.472       62.866
       326.51       127.49       244.88
       320.25       137.38       253.45
       18.544        146.5      -457.88
       57.539       177.34       188.52
      -365.28      -60.815       8.1188
       59.433       164.55        181.8
       119.92       63.074      -16.617
       67.885       172.83       176.99
       12.053      -231.44       121.88
       33.718       78.163      -193.98
        25.85       139.58      -196.59
       310.54       117.14       240.25
        200.5      -150.92        177.4
      -18.802       157.34       -457.9
       106.45       61.611      -11.211
        289.2       105.83       230.23
       214.74      -147.01       181.75
       -6.702      -12.094       63.073
       6.7976      -19.771       62.819
       197.79      -151.49       185.39
        68.74       169.22       178.21
       194.84      -154.64        206.5
      -410.88      -83.232       1.1927
     -0.32797      -36.702       62.814
       186.99      -153.37       202.17
       4.8891       103.68      -195.34
      -397.79       -82.17       21.615
       108.58        45.55      -4.7544
       101.81        100.4       -457.4
       301.67       117.31       241.44
       69.816       155.45       182.66
       296.47       116.66       245.09
       146.07       16.942       -60.72
       161.32       21.453       -40.28
       135.45       79.403      -23.489
       19.627      -29.536       62.626
       127.52      -10.428      -59.339
       157.16       37.676      -19.726
       121.75      -18.535      -69.167
       179.03      -156.01       207.16
       142.45       21.374      -73.312
        36.36       145.33      -196.71
       45.339        116.5      -196.08
        21.34       140.05      -457.74
       157.22       31.761      -16.544
       3.8892      -41.222       62.797
       10.406      -48.567       62.574
       3.1302       144.22       -196.1
       59.693       169.42       186.83
      0.64765       144.51      -457.82
       156.55       43.506      -83.093
        3.405      -23.696       62.271
       128.71       63.912      -16.639
       129.69      -3.2491      -60.158
       62.423        167.3       183.99
      0.87801      -232.66        132.9
       -10.21      -13.024       62.623
       43.379       124.04      -457.53
       83.079       105.02      -195.18
       133.06       54.862      -15.196
       310.07       129.07       246.53
          308       110.84       243.92
       134.75       56.976      -21.214
      -1.3487       -36.92       62.912
       14.466      -23.163       62.484
      -391.92      -55.818     -0.14357
     -0.90695       106.37       -195.6
      -15.659       160.88       -457.8
      -385.94      -70.938         9.21
       122.07       68.076      -14.934
       23.238       149.22      -196.33
       185.67       -151.8        199.2
      -392.41      -78.028       8.0552
       292.61       133.27       249.71
      -11.318      -223.89       132.43
       13.298      -46.645       61.947
      -414.69      -57.014       4.1843
       16.744       136.63      -457.78
       57.125        170.7       184.47
       132.76        41.99      -14.836
       151.88       14.934      -53.201
       36.887        109.9      -196.03
       134.13       30.664      -68.782
      -7.6832      -214.35       141.11
       195.67      -152.62       191.66
       4.8236      -18.059       62.902
       141.59      -2.3299      -75.159
       126.98       64.731      -14.785
       126.06       58.488      -14.465
      -6.0413      -11.118       63.221
       20.747       90.444      -195.55
      -9.8231      -211.79       136.16
       62.017       169.09       174.85
       159.19       54.909      -25.099
       280.65       107.22       239.33
       11.707      -27.742       62.831
       2.7331       94.327      -195.16
       288.25       117.42       241.64
      -397.39      -76.274       7.9368
       190.51       -141.5       173.82
       50.491       127.91      -457.73
      -407.57      -99.425       24.133
       140.27      -36.464       -64.72
      -404.39      -87.612      0.72831
       34.073        125.1      -457.61
       120.22       63.493      -10.475
       194.51      -155.93       202.29
       17.409       157.66      -195.74
       2.2424       78.871      -194.93
       306.28       116.21       241.11
       313.94       139.81       251.65
       6.3821       136.36      -457.77
       319.16       121.76        250.5
        115.2       48.613      -5.9612
       84.759       91.491      -457.19
      -7.6357      -19.761       62.291
        68.38       107.94       -195.9
       41.707        130.9       -457.7
          314       131.09       247.29
       110.63       58.674      -6.2874
       42.998       69.161        11.98
        13.68      -36.782       62.209
        92.88       44.283      -2.7474
      -416.29      -91.261       14.994
       72.103       171.33       175.59
       14.919      -206.02       121.39
      -4.8717      -209.62       154.92
      -12.979      -218.52       139.76
       148.53       30.621      -66.764
       107.94       83.453      -12.416
     -0.37927      -37.204        62.77
       193.03      -153.12       182.47
      -8.7145       -212.8       133.61
       208.96      -148.05       186.76
        154.5       33.442      -20.734
      -1.1979      -15.791       62.965
       56.897       161.18       184.66
       86.165       69.876      -194.83
      -2.1861      -210.46        142.5
       57.305       170.28       184.28
       202.97      -149.47       199.15
       68.933       176.61       187.91
       72.748       182.25       180.55
      -369.87      -78.441        17.18
        102.6       43.694      -9.8435
       9.5205      -25.834       62.527
      -6.2304       151.28      -196.21
       6.4964      -225.58       128.95
      -412.13      -86.909       21.061
       12.911       139.58      -457.81
       60.958       171.13        180.9
       142.13        22.75      -40.996
      -360.37      -53.355       9.9678
       10.738      -16.465       62.452
      -386.19      -75.136        11.04
       43.553       127.16       -457.4
      -26.087      -209.12       141.19
       310.93       107.51       240.81
        152.1      -14.489      -55.939
      -6.5416      -30.428       63.096
       8.8658      -221.36       134.52
       298.64       119.96       245.46
        10.64       70.584      -194.97
       -5.116      -28.754        62.76
      -11.473       158.61      -457.93
       72.196       120.78      -194.88
       3.4973      -40.304         62.6
       28.329       127.29      -457.64
      -18.596       -205.2       157.54
       145.29       72.279       -16.92
      -3.2081      -239.04       121.58
      -27.577       161.38       -457.9
       311.17       116.66       248.71
      -360.91      -79.287       16.949
       130.27       102.11      -196.02
       110.31       70.623      -7.2768
        28.22       82.648      -195.16
       199.19      -147.33       190.41
       10.126       135.86      -457.58
      -6.3699      -19.559       62.996
        19.63       139.23       -457.8
       19.077      -252.03       129.85
       71.691       166.92       187.76
       137.58       67.106      -19.317
       137.69       50.131      -70.652
       186.94      -160.68       207.34
      -20.144       147.26      -195.97
      -18.595       156.32      -457.81
       138.23      -37.481      -60.161
       74.242       177.35       183.57
       4.7946       129.47      -457.72
       330.02        124.4       238.02
       309.58       117.86       244.16
       -8.563      -35.445       63.256
       107.88       51.982      -3.4622
      -352.15      -77.683       10.221
       109.83       68.972      -7.8698
        168.9       47.344      -23.019
       51.341       173.96       187.85
       101.68       -12.02       -60.73
       72.658       163.87       187.35
       -340.1      -73.703       8.5771
       10.828      -200.77       125.14
       316.38       119.67        250.6
       60.593       180.47       182.41
      -4.8407      -212.33       126.52
      -375.91      -67.891       11.336
       200.71       -149.8       177.02
       202.67       -150.4       183.36
       171.19       15.183      -57.339
       181.78      -151.31       199.08
       15.865       119.08      -195.76
       15.222       89.959      -194.92
       63.324       167.97       186.61
       195.59      -145.44        184.4
        318.9       122.44       251.18
      -376.11      -64.231       6.8831
       80.766       166.32          176
       183.24      -153.47       203.29
       315.88       138.19       248.57
       6.6002      -240.35        137.8
       29.725      -247.76       129.08
      -30.569      -201.64       150.98
      -10.548       -30.33       62.768
       300.17       119.41       254.03
       122.75      -2.4507      -65.762
      -381.39      -83.427       6.3257
      -383.97      -76.783       14.651
      -391.15      -82.464      0.95539
      -7.1582      -213.55       140.16
       294.64       113.26       236.37
       183.77      -150.13        203.3
       141.79       44.226      -13.368
       15.946      -35.253       62.299
       142.81       35.934      -11.878
       171.54      -156.78       203.92
        -46.7       118.47      -195.42
       46.772       117.11       -457.4
       15.575      -42.113       62.038
       58.491       107.33      -196.05
       200.71      -149.01       195.75
     -0.02095      -200.77       133.81
       194.91      -144.11       181.09
       194.78      -152.33        175.3
       149.67       44.284      -20.025
      -362.16      -57.575        10.96
       288.89       105.73       234.05
        1.663     -0.76681       62.367
       10.284      -33.769       62.123
       66.693       112.13      -457.41
       174.78       39.089      -64.978
     -0.87892      -220.79       148.19
       110.87       50.655      -5.6579
        11.04       -219.8       123.25
       326.11       110.65        243.6
      -411.32      -77.115       18.564
       39.037       124.73       -457.7
       97.167       41.915       1.8763
       14.313        181.2      -197.03
      -14.852      -225.84       140.82
       198.86      -140.83       172.56
       67.625       172.13       181.03
       65.091        170.2       188.21
       337.81       133.99       253.19
       31.981       128.13      -457.64
       54.787        54.91      -195.48
       169.98       35.025      -57.495
       122.98       61.808      -10.292
       68.215       93.415      -196.37
       45.555       115.98      -195.43
       316.71       127.75       243.22
       148.31      -13.557       -45.47
        107.9        8.896      -67.239
      -5.8516      -207.14       138.33
       27.833       97.725      -195.55
       297.02       114.93       237.55
        203.4      -147.33       179.83
      -1.3232      -29.066       62.643
       121.93       49.167      -9.8232
       146.16       47.144      -15.346
       52.893       59.365       10.614
       305.09       127.12       251.18
       143.76       25.413      -65.751
        11.27      -53.579       61.858
      -354.54      -54.781       3.5094
      -3.2642      -44.277       62.258
       321.43       125.24       241.07
       128.77    -0.032478       -64.27
       151.89       16.412      -58.382
       163.32       17.503      -60.663
       48.497       161.14      -196.97
       145.11           49      -16.668
       4.8896      -40.174       62.585
        8.188       129.94      -457.59
       186.51      -165.29       204.23
       99.821       34.471      -2.2301
      -375.56      -77.286       13.514
       151.36        38.27      -59.365
       312.85        132.2       237.81
       170.24       68.663      -30.206
       315.02       132.16       249.94
       179.65      -151.73       194.73
       64.303       177.85       175.79
        43.95        136.8       -457.7
       147.01       63.708      -22.729
          321       121.25       242.75
      -6.6863      -10.088       62.936
       134.65       -23.81      -48.626
       32.446       100.95      -195.27
       308.62       124.09       247.06
       73.159       65.918       2.6267
      -362.97      -70.459       17.032
       305.87       126.21       249.03
        11.18       142.47      -457.69
     0.034931      -201.18        149.1
       139.74       46.411      -13.739
      -5.7641      -204.76          124
      -397.58      -79.982       11.765
       40.025       130.25      -457.72
       45.916       74.128      -195.02
       117.48      -7.2267      -56.332
       323.33       122.58       245.57
      -23.506       160.85      -457.88
       183.05         -150       201.55
       22.388       92.968      -195.34
       5.7773      -20.576       62.524
       78.352       47.596       8.2168
       188.94      -149.38       190.68
      -380.72       -75.95       8.6538
       166.55       35.062      -59.198
       174.75       49.007      -46.537
       204.72      -146.57       181.52
       300.14       105.42       236.67
       60.204       174.81       180.47
       158.01       56.564      -22.125
       158.75       42.208      -54.424
       297.73       112.98       247.98
      -396.69      -91.986        6.135
       197.01       -157.6       196.45
       323.93       123.17       242.98
       70.434       66.298        8.215
       198.99      -148.06       184.83
       20.884       130.99      -457.56
       26.229       145.83      -457.94
       173.41      -158.52       210.83
       306.93       129.29       244.41
       275.26       105.32       237.33
      -427.25      -75.404      -5.8464
     -0.87223      -22.688       63.201
       63.027       170.74       185.04
       38.554       157.93      -196.65
      -379.09      -72.524       17.256
       16.285       160.77      -196.65
       59.092       156.51       189.93
      -372.89      -71.085       9.1975
      -383.67      -71.236       7.4155
       112.66       78.996       -13.11
       2.8675      -226.19       134.09
      -5.4947       148.75      -457.77
       2.0864      -202.35       145.33
      -3.9352       147.74      -457.77
       189.44       62.568      -30.444
       3.9725       137.66      -457.53
       45.129       130.06      -457.58
       21.327        85.91       -194.8
       1.3603       142.08      -457.66
     0.069152       159.22      -458.14
       59.558       161.54          177
       189.03      -157.37       202.82
       188.39      -151.43       190.96
      -342.61      -49.708       4.6967
      -381.87      -92.354       12.539
      -355.16      -74.316       11.223
       -6.354          -28       62.146
       73.157       166.69       180.13
      -402.19      -74.055       14.492
       133.79      -33.105      -59.925
      -11.875       160.27      -457.95
       1.0161       -26.13       62.335
       139.37       40.954      -13.261
      -12.758      -198.67       142.17
       200.06      -154.91        197.5
       -401.6      -83.709       14.341
       4.6678      -35.929       62.231
       156.64       23.101      -42.644
      -19.141      -224.05       133.49
       9.0598       107.17      -195.87
       166.85       52.251      -23.832
       186.55       -147.2       192.99
      -422.73      -85.015       8.5466
      0.37293      -49.877       62.381
       164.06       76.614      -67.368
      -1.0031      -208.63        129.2
       2.6295      -219.37       137.57
       188.24      -152.33       192.25
      -371.12      -67.476       10.202
      -336.83      -57.639       17.859
      -341.41      -61.078       5.8295
       54.171       129.57      -195.64
       103.86       51.291      -12.106
      -375.94      -56.163       11.781
      -1.8972      -37.036       62.599
       71.026       174.23       184.28
       122.07       55.638      -11.173
        193.6      -154.29       194.14
       14.784       136.71      -457.46
       1.5787       -25.07       62.547
       74.041       188.23       178.23
       139.36       46.942      -16.252
        329.4       125.09       240.55
       198.24       -156.4       198.03
       59.021       136.58      -196.47
       2.3825      -25.412       62.091
       204.58      -147.03        188.2
       32.273       110.07       -196.2
      -395.27      -74.059       3.2022
       56.003       157.65       189.01
       8.9899      -216.61       139.99
       64.765       187.21        180.2
          173      -26.587      -48.045
       3.9492      -52.572       61.915
       60.783       72.671      -195.55
       300.63       123.38       248.34
       76.455       175.22       178.47
      -389.82      -83.689       13.647
       93.935       67.039     -0.52281
       2.9874      -15.842       62.692
       -13.62       161.86      -458.03
       57.845       73.455      -195.05
      -406.65      -88.749       15.474
       308.98       130.13       244.88
       292.15       117.32       250.07
       44.203       168.56       192.21
       67.141        167.8       182.81
       3.2953       124.42      -196.65
       321.78       125.25       241.55
       -2.229      -222.43       132.06
       136.01      -42.135      -69.224
      -25.169        155.7      -457.86
       139.41       9.0484      -47.563
       309.03       105.61       240.89
       32.594       121.85      -457.63
       152.87       85.738      -23.273
      -379.51      -70.572       4.1869
      -11.078      -3.5135       63.218
       126.93        27.65      -57.922
       43.435       79.761      -195.41
       9.3339       139.58      -457.68
       2.4848       -209.8       131.01
       197.32      -160.27       202.31
      -7.6078      -215.83       126.38
       159.01      0.31015      -57.611
       62.798       159.17       187.31
       188.67      -153.83       204.66
       51.798       166.44       185.02
        172.4       66.853      -70.686
        184.6      -152.33       204.32
        175.9       60.416      -26.381
       320.36        129.4        250.7
      -372.82      -76.053       20.648
      -17.932       121.36      -195.61
      -394.68       -98.88        10.18
       186.12      -152.44       203.25
       62.799       180.57       176.44
       56.688          175       185.18
       1.3785      -206.36       117.09
      -403.55      -79.856       3.0746
       37.098       141.87      -457.84
       1.3589      -14.904       62.859
       20.466       139.26       -457.6
       14.057      -15.921       62.877
       47.996       128.49      -457.61
       302.99       123.47        240.8
        66.66        180.3       179.99
       317.64       128.36        244.7
       304.75       131.21       237.09
       7.8208      -26.591       62.151
       5.0727      -222.69       139.17
       97.545       64.634      -3.0403
      -4.2631      -224.34       134.06
       1.3381      -8.3071       62.807
       190.15      -155.67        194.7
       313.63        129.2       247.78
      -365.85      -49.321        7.733
       276.88       128.74          246